#eta_eta0 | theta | x_cut | A0 | A1 | A2 | A3 | A4 | F = 10^( A0*X**(A1 + log_10(X)) ), X = -A3*(log_10(x)-A4)
1.1 0 1e-100 -100.0 0.0 -100.0 1.0 0.0
1.1 10 1e-100 -100.0 0.0 -100.0 1.0 0.0
1.1 20 1e-100 -100.0 0.0 -100.0 1.0 0.0
1.1 30 1e-100 -100.0 0.0 -100.0 1.0 0.0
1.1 40 1e-100 -100.0 0.0 -100.0 1.0 0.0
1.1 50 1e-100 -100.0 0.0 -100.0 1.0 0.0
1.1 60 1e-100 -100.0 0.0 -100.0 1.0 0.0
1.1 70 1e-100 -100.0 0.0 -100.0 1.0 0.0
1.1 80 1e-100 -100.0 0.0 -100.0 1.0 0.0
1.1 90 1e-100 -100.0 0.0 -100.0 1.0 0.0
1.1 100 1e-100 -100.0 0.0 -100.0 1.0 0.0
1.1 110 1e-100 -100.0 0.0 -100.0 1.0 0.0
1.1 120 1e-100 -100.0 0.0 -100.0 1.0 0.0
1.1 130 1e-100 -100.0 0.0 -100.0 1.0 0.0
1.1 140 1e-100 -100.0 0.0 -100.0 1.0 0.0
1.1 150 1e-100 -100.0 0.0 -100.0 1.0 0.0
1.1 160 1e-100 -100.0 0.0 -100.0 1.0 0.0
1.1 170 1e-100 -100.0 0.0 -100.0 1.0 0.0
1.1 180 1e-100 -100.0 0.0 -100.0 1.0 0.0
1.2 0 1e-100 -100.0 0.0 -100.0 1.0 0.0
1.2 10 1e-100 -100.0 0.0 -100.0 1.0 0.0
1.2 20 1e-100 -100.0 0.0 -100.0 1.0 0.0
1.2 30 1e-100 -100.0 0.0 -100.0 1.0 0.0
1.2 40 1e-100 -100.0 0.0 -100.0 1.0 0.0
1.2 50 1e-100 -100.0 0.0 -100.0 1.0 0.0
1.2 60 1e-100 -100.0 0.0 -100.0 1.0 0.0
1.2 70 1e-100 -100.0 0.0 -100.0 1.0 0.0
1.2 80 1e-100 -100.0 0.0 -100.0 1.0 0.0
1.2 90 1e-100 -100.0 0.0 -100.0 1.0 0.0
1.2 100 1e-100 -100.0 0.0 -100.0 1.0 0.0
1.2 110 1e-100 -100.0 0.0 -100.0 1.0 0.0
1.2 120 1e-100 -100.0 0.0 -100.0 1.0 0.0
1.2 130 1e-100 -100.0 0.0 -100.0 1.0 0.0
1.2 140 1e-100 -100.0 0.0 -100.0 1.0 0.0
1.2 150 1e-100 -100.0 0.0 -100.0 1.0 0.0
1.2 160 1e-100 -100.0 0.0 -100.0 1.0 0.0
1.2 170 1e-100 -100.0 0.0 -100.0 1.0 0.0
1.2 180 1e-100 -100.0 0.0 -100.0 1.0 0.0
1.3 0 1e-100 -100.0 0.0 -100.0 1.0 0.0
1.3 10 1e-100 -100.0 0.0 -100.0 1.0 0.0
1.3 20 1e-100 -100.0 0.0 -100.0 1.0 0.0
1.3 30 1e-100 -100.0 0.0 -100.0 1.0 0.0
1.3 40 1e-100 -100.0 0.0 -100.0 1.0 0.0
1.3 50 1e-100 -100.0 0.0 -100.0 1.0 0.0
1.3 60 1e-100 -100.0 0.0 -100.0 1.0 0.0
1.3 70 1e-100 -100.0 0.0 -100.0 1.0 0.0
1.3 80 1e-100 -100.0 0.0 -100.0 1.0 0.0
1.3 90 1e-100 -100.0 0.0 -100.0 1.0 0.0
1.3 100 1e-100 -100.0 0.0 -100.0 1.0 0.0
1.3 110 1e-100 -100.0 0.0 -100.0 1.0 0.0
1.3 120 1e-100 -100.0 0.0 -100.0 1.0 0.0
1.3 130 1e-100 -100.0 0.0 -100.0 1.0 0.0
1.3 140 1e-100 -100.0 0.0 -100.0 1.0 0.0
1.3 150 1e-100 -100.0 0.0 -100.0 1.0 0.0
1.3 160 1e-100 -100.0 0.0 -100.0 1.0 0.0
1.3 170 1e-100 -100.0 0.0 -100.0 1.0 0.0
1.3 180 1e-100 -100.0 0.0 -100.0 1.0 0.0
1.4 0 1e-100 -100.0 0.0 -100.0 1.0 0.0
1.4 10 1e-100 -100.0 0.0 -100.0 1.0 0.0
1.4 20 1e-100 -100.0 0.0 -100.0 1.0 0.0
1.4 30 1e-100 -100.0 0.0 -100.0 1.0 0.0
1.4 40 1e-100 -100.0 0.0 -100.0 1.0 0.0
1.4 50 1e-100 -100.0 0.0 -100.0 1.0 0.0
1.4 60 1e-100 -100.0 0.0 -100.0 1.0 0.0
1.4 70 1e-100 -100.0 0.0 -100.0 1.0 0.0
1.4 80 1e-100 -100.0 0.0 -100.0 1.0 0.0
1.4 90 1e-100 -100.0 0.0 -100.0 1.0 0.0
1.4 100 1e-100 -100.0 0.0 -100.0 1.0 0.0
1.4 110 1e-100 -100.0 0.0 -100.0 1.0 0.0
1.4 120 1e-100 -100.0 0.0 -100.0 1.0 0.0
1.4 130 1e-100 -100.0 0.0 -100.0 1.0 0.0
1.4 140 1e-100 -100.0 0.0 -100.0 1.0 0.0
1.4 150 1e-100 -100.0 0.0 -100.0 1.0 0.0
1.4 160 1e-100 -100.0 0.0 -100.0 1.0 0.0
1.4 170 1e-100 -100.0 0.0 -100.0 1.0 0.0
1.4 180 1e-100 -100.0 0.0 -100.0 1.0 0.0
1.5 0 1e-100 -100.0 0.0 -100.0 1.0 0.0
1.5 10 1e-100 -100.0 0.0 -100.0 1.0 0.0
1.5 20 1e-100 -100.0 0.0 -100.0 1.0 0.0
1.5 30 1e-100 -100.0 0.0 -100.0 1.0 0.0
1.5 40 1e-100 -100.0 0.0 -100.0 1.0 0.0
1.5 50 1e-100 -100.0 0.0 -100.0 1.0 0.0
1.5 60 1e-100 -100.0 0.0 -100.0 1.0 0.0
1.5 70 1e-100 -100.0 0.0 -100.0 1.0 0.0
1.5 80 1e-100 -100.0 0.0 -100.0 1.0 0.0
1.5 90 1e-100 -100.0 0.0 -100.0 1.0 0.0
1.5 100 1e-100 -100.0 0.0 -100.0 1.0 0.0
1.5 110 1e-100 -100.0 0.0 -100.0 1.0 0.0
1.5 120 1e-100 -100.0 0.0 -100.0 1.0 0.0
1.5 130 1e-100 -100.0 0.0 -100.0 1.0 0.0
1.5 140 1e-100 -100.0 0.0 -100.0 1.0 0.0
1.5 150 1e-100 -100.0 0.0 -100.0 1.0 0.0
1.5 160 1e-100 -100.0 0.0 -100.0 1.0 0.0
1.5 170 1e-100 -100.0 0.0 -100.0 1.0 0.0
1.5 180 1e-100 -100.0 0.0 -100.0 1.0 0.0
1.6 0 1e-100 -100.0 0.0 -100.0 1.0 0.0
1.6 10 1e-100 -100.0 0.0 -100.0 1.0 0.0
1.6 20 1e-100 -100.0 0.0 -100.0 1.0 0.0
1.6 30 1e-100 -100.0 0.0 -100.0 1.0 0.0
1.6 40 1e-100 -100.0 0.0 -100.0 1.0 0.0
1.6 50 1e-100 -100.0 0.0 -100.0 1.0 0.0
1.6 60 1e-100 -100.0 0.0 -100.0 1.0 0.0
1.6 70 1e-100 -100.0 0.0 -100.0 1.0 0.0
1.6 80 1e-100 -100.0 0.0 -100.0 1.0 0.0
1.6 90 1e-100 -100.0 0.0 -100.0 1.0 0.0
1.6 100 1e-100 -100.0 0.0 -100.0 1.0 0.0
1.6 110 1e-100 -100.0 0.0 -100.0 1.0 0.0
1.6 120 1e-100 -100.0 0.0 -100.0 1.0 0.0
1.6 130 1e-100 -100.0 0.0 -100.0 1.0 0.0
1.6 140 1e-100 -100.0 0.0 -100.0 1.0 0.0
1.6 150 1e-100 -100.0 0.0 -100.0 1.0 0.0
1.6 160 1e-100 -100.0 0.0 -100.0 1.0 0.0
1.6 170 1e-100 -100.0 0.0 -100.0 1.0 0.0
1.6 180 1e-100 -100.0 0.0 -100.0 1.0 0.0
1.7 0 1e-100 -100.0 0.0 -100.0 1.0 0.0
1.7 10 1e-100 -100.0 0.0 -100.0 1.0 0.0
1.7 20 1e-100 -100.0 0.0 -100.0 1.0 0.0
1.7 30 1e-100 -100.0 0.0 -100.0 1.0 0.0
1.7 40 1e-100 -100.0 0.0 -100.0 1.0 0.0
1.7 50 1e-100 -100.0 0.0 -100.0 1.0 0.0
1.7 60 1e-100 -100.0 0.0 -100.0 1.0 0.0
1.7 70 1e-100 -100.0 0.0 -100.0 1.0 0.0
1.7 80 1e-100 -100.0 0.0 -100.0 1.0 0.0
1.7 90 1e-100 -100.0 0.0 -100.0 1.0 0.0
1.7 100 1e-100 -100.0 0.0 -100.0 1.0 0.0
1.7 110 1e-100 -100.0 0.0 -100.0 1.0 0.0
1.7 120 1e-100 -100.0 0.0 -100.0 1.0 0.0
1.7 130 1e-100 -100.0 0.0 -100.0 1.0 0.0
1.7 140 1e-100 -100.0 0.0 -100.0 1.0 0.0
1.7 150 1e-100 -100.0 0.0 -100.0 1.0 0.0
1.7 160 1e-100 -100.0 0.0 -100.0 1.0 0.0
1.7 170 1e-100 -100.0 0.0 -100.0 1.0 0.0
1.7 180 1e-100 -100.0 0.0 -100.0 1.0 0.0
1.8 0 1e-100 -100.0 0.0 -100.0 1.0 0.0
1.8 10 1e-100 -100.0 0.0 -100.0 1.0 0.0
1.8 20 1e-100 -100.0 0.0 -100.0 1.0 0.0
1.8 30 1e-100 -100.0 0.0 -100.0 1.0 0.0
1.8 40 1e-100 -100.0 0.0 -100.0 1.0 0.0
1.8 50 1e-100 -100.0 0.0 -100.0 1.0 0.0
1.8 60 1e-100 -100.0 0.0 -100.0 1.0 0.0
1.8 70 1e-100 -100.0 0.0 -100.0 1.0 0.0
1.8 80 1e-100 -100.0 0.0 -100.0 1.0 0.0
1.8 90 1e-100 -100.0 0.0 -100.0 1.0 0.0
1.8 100 1e-100 -100.0 0.0 -100.0 1.0 0.0
1.8 110 1e-100 -100.0 0.0 -100.0 1.0 0.0
1.8 120 1e-100 -100.0 0.0 -100.0 1.0 0.0
1.8 130 1e-100 -100.0 0.0 -100.0 1.0 0.0
1.8 140 1e-100 -100.0 0.0 -100.0 1.0 0.0
1.8 150 1e-100 -100.0 0.0 -100.0 1.0 0.0
1.8 160 1e-100 -100.0 0.0 -100.0 1.0 0.0
1.8 170 1e-100 -100.0 0.0 -100.0 1.0 0.0
1.8 180 1e-100 -100.0 0.0 -100.0 1.0 0.0
1.9 0 1e-100 -100.0 0.0 -100.0 1.0 0.0
1.9 10 1e-100 -100.0 0.0 -100.0 1.0 0.0
1.9 20 1e-100 -100.0 0.0 -100.0 1.0 0.0
1.9 30 1e-100 -100.0 0.0 -100.0 1.0 0.0
1.9 40 1e-100 -100.0 0.0 -100.0 1.0 0.0
1.9 50 1e-100 -100.0 0.0 -100.0 1.0 0.0
1.9 60 1e-100 -100.0 0.0 -100.0 1.0 0.0
1.9 70 1e-100 -100.0 0.0 -100.0 1.0 0.0
1.9 80 1e-100 -100.0 0.0 -100.0 1.0 0.0
1.9 90 1e-100 -100.0 0.0 -100.0 1.0 0.0
1.9 100 1e-100 -100.0 0.0 -100.0 1.0 0.0
1.9 110 1e-100 -100.0 0.0 -100.0 1.0 0.0
1.9 120 1e-100 -100.0 0.0 -100.0 1.0 0.0
1.9 130 1e-100 -100.0 0.0 -100.0 1.0 0.0
1.9 140 1e-100 -100.0 0.0 -100.0 1.0 0.0
1.9 150 1e-100 -100.0 0.0 -100.0 1.0 0.0
1.9 160 1e-100 -100.0 0.0 -100.0 1.0 0.0
1.9 170 1e-100 -100.0 0.0 -100.0 1.0 0.0
1.9 180 1e-100 -100.0 0.0 -100.0 1.0 0.0
2.0 0 1e-100 -100.0 0.0 -100.0 1.0 0.0
2.0 10 1e-100 -100.0 0.0 -100.0 1.0 0.0
2.0 20 1e-100 -100.0 0.0 -100.0 1.0 0.0
2.0 30 1e-100 -100.0 0.0 -100.0 1.0 0.0
2.0 40 1e-100 -100.0 0.0 -100.0 1.0 0.0
2.0 50 1e-100 -100.0 0.0 -100.0 1.0 0.0
2.0 60 1e-100 -100.0 0.0 -100.0 1.0 0.0
2.0 70 1e-100 -100.0 0.0 -100.0 1.0 0.0
2.0 80 1e-100 -100.0 0.0 -100.0 1.0 0.0
2.0 90 1e-100 -100.0 0.0 -100.0 1.0 0.0
2.0 100 1e-100 -100.0 0.0 -100.0 1.0 0.0
2.0 110 1e-100 -100.0 0.0 -100.0 1.0 0.0
2.0 120 1e-100 -100.0 0.0 -100.0 1.0 0.0
2.0 130 1e-100 -100.0 0.0 -100.0 1.0 0.0
2.0 140 1e-100 -100.0 0.0 -100.0 1.0 0.0
2.0 150 1e-100 -100.0 0.0 -100.0 1.0 0.0
2.0 160 1e-100 -100.0 0.0 -100.0 1.0 0.0
2.0 170 1e-100 -100.0 0.0 -100.0 1.0 0.0
2.0 180 1e-100 -100.0 0.0 -100.0 1.0 0.0
3.0 0 1e-100 -100.0 0.0 -100.0 1.0 0.0
3.0 10 1e-100 -100.0 0.0 -100.0 1.0 0.0
3.0 20 1e-100 -100.0 0.0 -100.0 1.0 0.0
3.0 30 1e-100 -100.0 0.0 -100.0 1.0 0.0
3.0 40 1e-100 -100.0 0.0 -100.0 1.0 0.0
3.0 50 1e-100 -100.0 0.0 -100.0 1.0 0.0
3.0 60 1e-100 -100.0 0.0 -100.0 1.0 0.0
3.0 70 1e-100 -100.0 0.0 -100.0 1.0 0.0
3.0 80 1e-100 -100.0 0.0 -100.0 1.0 0.0
3.0 90 1e-100 -100.0 0.0 -100.0 1.0 0.0
3.0 100 1e-100 -100.0 0.0 -100.0 1.0 0.0
3.0 110 1e-100 -100.0 0.0 -100.0 1.0 0.0
3.0 120 1e-100 -100.0 0.0 -100.0 1.0 0.0
3.0 130 1e-100 -100.0 0.0 -100.0 1.0 0.0
3.0 140 1e-100 -100.0 0.0 -100.0 1.0 0.0
3.0 150 0.251189 -11.956657215133275 -1.7705618753301533 -15.084158472783468 2.7866275713831015 -0.16952785365202738
3.0 160 0.251189 -12.605995017081327 -1.7801961814874963 -14.652621097155656 2.865323768450234 -0.17130335094514243
3.0 170 0.251189 -12.946010668624297 -1.7462108265038239 -14.321934023202445 2.6753656131698733 -0.11388054469576432
3.0 180 0.251189 -12.921109268134108 -1.7520198069518718 -14.327506212835763 2.691987294820966 -0.11106205540741236
4.0 0 1e-100 -100.0 0.0 -100.0 1.0 0.0
4.0 10 1e-100 -100.0 0.0 -100.0 1.0 0.0
4.0 20 1e-100 -100.0 0.0 -100.0 1.0 0.0
4.0 30 1e-100 -100.0 0.0 -100.0 1.0 0.0
4.0 40 1e-100 -100.0 0.0 -100.0 1.0 0.0
4.0 50 1e-100 -100.0 0.0 -100.0 1.0 0.0
4.0 60 1e-100 -100.0 0.0 -100.0 1.0 0.0
4.0 70 1e-100 -100.0 0.0 -100.0 1.0 0.0
4.0 80 1e-100 -100.0 0.0 -100.0 1.0 0.0
4.0 90 1e-100 -100.0 0.0 -100.0 1.0 0.0
4.0 100 1e-100 -100.0 0.0 -100.0 1.0 0.0
4.0 110 1e-100 -100.0 0.0 -100.0 1.0 0.0
4.0 120 0.354813 -10.686420624875815 -1.4677549643917231 -13.54914788936182 1.8702602408111897 0.04560718231490709
4.0 130 0.354813 -10.567065878470599 -1.4555111223515713 -13.279960958108212 1.744152179788727 0.12283274972240753
4.0 140 0.354813 -11.711356611897578 -1.500507370383891 -13.090141835963433 1.8188665276812381 0.16758276671371802
4.0 150 0.354813 -12.690884578826948 -1.6002020333403206 -13.148267476124694 2.03975508150236 0.1591087540122536
4.0 160 0.354813 -10.741093761640368 -1.5153643733464215 -13.138786630075714 1.8955734307350096 0.13608202587666368
4.0 170 0.354813 -10.854416612948903 -1.5819433561053375 -13.398768540887152 1.9913060401508376 0.1239570992825755
4.0 180 0.354813 -10.48843923192339 -1.5737911232669637 -13.440343987661887 1.989378258108904 0.10947205972409645
5.0 0 1e-100 -100.0 0.0 -100.0 1.0 0.0
5.0 10 1e-100 -100.0 0.0 -100.0 1.0 0.0
5.0 20 1e-100 -100.0 0.0 -100.0 1.0 0.0
5.0 30 1e-100 -100.0 0.0 -100.0 1.0 0.0
5.0 40 1e-100 -100.0 0.0 -100.0 1.0 0.0
5.0 50 1e-100 -100.0 0.0 -100.0 1.0 0.0
5.0 60 1e-100 -100.0 0.0 -100.0 1.0 0.0
5.0 70 1e-100 -100.0 0.0 -100.0 1.0 0.0
5.0 80 1e-100 -100.0 0.0 -100.0 1.0 0.0
5.0 90 1e-100 -100.0 0.0 -100.0 1.0 0.0
5.0 100 0.251189 -12.490168427017029 -1.7267611821465694 -14.616078542873378 2.702796443178156 -0.1397801755628169
5.0 110 0.354813 -12.21703730795857 -1.5263855895704599 -13.281935869240485 1.916577486293328 0.12854361514719245
5.0 120 0.354813 -10.044720990236721 -1.459270888381145 -13.19321152820937 1.7217904930052799 0.1741735312999619
5.0 130 0.354813 -9.908766583383688 -1.540295313195426 -13.496421679898896 1.9103312191031745 0.11853504178367105
5.0 140 0.354813 -9.622911803021502 -1.589109000579369 -13.707934056619385 2.025571618451323 0.0818418854948139
5.0 150 0.501187 -11.771992020771458 -1.5862299086198515 -13.108274472296271 1.944518036255275 0.20582693621422776
5.0 160 0.501187 -10.745128244258735 -1.57782620878456 -13.240140107760393 1.8985760520106072 0.19851974897866212
5.0 170 0.501187 -10.581283110972127 -1.6376616568557567 -13.530817307206556 2.047650494930607 0.15113169160680215
5.0 180 0.501187 -10.558743450636186 -1.6184524103966955 -13.450494900456187 2.0187272482513823 0.1611680166651978
6.0 0 1e-100 -100.0 0.0 -100.0 1.0 0.0
6.0 10 1e-100 -100.0 0.0 -100.0 1.0 0.0
6.0 20 1e-100 -100.0 0.0 -100.0 1.0 0.0
6.0 30 1e-100 -100.0 0.0 -100.0 1.0 0.0
6.0 40 1e-100 -100.0 0.0 -100.0 1.0 0.0
6.0 50 1e-100 -100.0 0.0 -100.0 1.0 0.0
6.0 60 1e-100 -100.0 0.0 -100.0 1.0 0.0
6.0 70 1e-100 -100.0 0.0 -100.0 1.0 0.0
6.0 80 1e-100 -100.0 0.0 -100.0 1.0 0.0
6.0 90 0.251189 -12.76296688444188 -1.7170860607644447 -14.490203924250352 2.608104813437563 -0.10231690255117902
6.0 100 0.354813 -10.249394237505035 -1.4383396963095922 -13.365832414415747 1.7481361513827791 0.11738712746917272
6.0 110 0.354813 -10.197406648891581 -1.5881250494218335 -13.740776998264913 2.007574944851918 0.09601925785376014
6.0 120 0.354813 -9.94206684455536 -1.6360233848795038 -13.883942436377874 2.117435739549397 0.07147668489585819
6.0 130 0.501187 -11.837303720391239 -1.7884003359818617 -14.014795053866624 2.4977822459423495 0.05832055982389468
6.0 140 0.501187 -10.748836210061654 -1.6685533536275459 -13.680659776156917 2.0722761051825374 0.17322799845824946
6.0 150 0.501187 -10.777561542462264 -1.6953575961734473 -13.809519827476167 2.094388104899514 0.17946671729599917
6.0 160 0.707946 -16.185263116668988 -1.6452690983952671 -12.42077963218249 1.893439247706386 0.43237073192925646
6.0 170 0.501187 -10.417800940405085 -1.7394371545362395 -14.02987421811787 2.0600417559481903 0.2008818674011343
6.0 180 0.501187 -10.458036086520362 -1.716558826176311 -13.935372580830844 2.050625296943255 0.2035317023341697
7.0 0 1e-100 -100.0 0.0 -100.0 1.0 0.0
7.0 10 1e-100 -100.0 0.0 -100.0 1.0 0.0
7.0 20 1e-100 -100.0 0.0 -100.0 1.0 0.0
7.0 30 1e-100 -100.0 0.0 -100.0 1.0 0.0
7.0 40 1e-100 -100.0 0.0 -100.0 1.0 0.0
7.0 50 1e-100 -100.0 0.0 -100.0 1.0 0.0
7.0 60 1e-100 -100.0 0.0 -100.0 1.0 0.0
7.0 70 1e-100 -100.0 0.0 -100.0 1.0 0.0
7.0 80 0.251189 -11.74939422455768 -1.7920105354073352 -15.24405211406206 2.8210844609345473 -0.17778649448083386
7.0 90 0.354813 -11.656950607811963 -1.4692478675492147 -13.180986485818542 1.765896243166324 0.17557050706701163
7.0 100 0.354813 -9.372907739415584 -1.5493474627327743 -13.826795222576001 1.942615837517856 0.08649744683040538
7.0 110 0.354813 -9.417150468904177 -1.7056275179373335 -14.275090303591634 2.2487930951758415 0.028700185110118504
7.0 120 0.501187 -10.412295980700062 -1.6572013929456475 -13.773544125681587 2.084882351231125 0.14776780649093937
7.0 130 0.501187 -10.881110051865743 -1.722035752859858 -13.965727268434668 2.10089424246157 0.18964525498158266
7.0 140 0.707946 -15.455324039628076 -1.6951079240803688 -12.915977984576655 1.9916534271955821 0.38919154132979267
7.0 150 0.707946 -15.75298350571452 -1.697949517655392 -12.826641598931996 1.9913679643955293 0.41192608130296365
7.0 160 0.501187 -10.309135608944516 -1.747801941780848 -14.035556802847337 2.003296742543343 0.2516521249791152
7.0 170 0.707946 -12.325947514022578 -1.7355152056730623 -13.613633228237028 2.019366776692729 0.319420804214126
7.0 180 0.501187 -10.33293892778799 -1.6575667476517424 -13.670429728339853 1.8597110915925539 0.30883717641387953
8.0 0 1e-100 -100.0 0.0 -100.0 1.0 0.0
8.0 10 1e-100 -100.0 0.0 -100.0 1.0 0.0
8.0 20 1e-100 -100.0 0.0 -100.0 1.0 0.0
8.0 30 1e-100 -100.0 0.0 -100.0 1.0 0.0
8.0 40 1e-100 -100.0 0.0 -100.0 1.0 0.0
8.0 50 1e-100 -100.0 0.0 -100.0 1.0 0.0
8.0 60 1e-100 -100.0 0.0 -100.0 1.0 0.0
8.0 70 1e-100 -100.0 0.0 -100.0 1.0 0.0
8.0 80 0.354813 -10.861327570993508 -1.4593818444044298 -13.510187571488194 1.7962248180468772 0.10781435887205883
8.0 90 0.354813 -10.973368099088557 -1.58858554986687 -13.699150171876434 2.032894347037966 0.11390774577142121
8.0 100 0.354813 -10.265718361144764 -1.7263586235887078 -14.249070326122649 2.2945917227403667 0.04873005456609366
8.0 110 0.501187 -11.1059012500732 -1.6592517193345464 -13.698609238266393 2.047497658651245 0.19693682413733912
8.0 120 0.501187 -10.520583549304172 -1.8332624504778912 -14.457444663450024 2.2409959749880377 0.148055498990366
8.0 130 0.707946 -12.551234044001935 -1.7080988551092506 -13.535802695457567 1.9467460154698994 0.3428427882879619
8.0 140 0.707946 -13.024491499763052 -1.806641400265738 -13.8487827699659 2.13979123808378 0.30810043924982516
8.0 150 0.501187 -11.242474812234853 -1.7680178531967445 -13.958674294172774 2.026267479917389 0.28917061257485616
8.0 160 0.501187 -10.512484707505399 -1.6349112754592596 -13.534396145175602 1.7633677773897898 0.3587375106585043
8.0 170 0.707946 -12.68239620935584 -1.8420762801474793 -13.986848006433906 2.15078098928122 0.2990308739371728
8.0 180 0.707946 -12.228905577874116 -1.8350297570883658 -14.016665051898194 2.1032675797748577 0.3009994201436862
9.0 0 1e-100 -100.0 0.0 -100.0 1.0 0.0
9.0 10 1e-100 -100.0 0.0 -100.0 1.0 0.0
9.0 20 1e-100 -100.0 0.0 -100.0 1.0 0.0
9.0 30 1e-100 -100.0 0.0 -100.0 1.0 0.0
9.0 40 1e-100 -100.0 0.0 -100.0 1.0 0.0
9.0 50 1e-100 -100.0 0.0 -100.0 1.0 0.0
9.0 60 1e-100 -100.0 0.0 -100.0 1.0 0.0
9.0 70 0.251189 -12.602147006007774 -1.8687251855262152 -15.382412645680393 2.8936313886044647 -0.156176367827949
9.0 80 0.354813 -12.258018211015864 -1.589977152254271 -13.552663718286858 2.040153310236804 0.13657523452603204
9.0 90 0.501187 -11.62449500001894 -1.6398193623548327 -13.717666438570197 2.1565669277588344 0.1155587637846795
9.0 100 0.501187 -10.577599259067522 -1.6430641109859008 -13.775855459070291 1.9842549520927042 0.1966078521209766
9.0 110 0.501187 -10.785548807245517 -1.7232783903368367 -14.070546778663893 2.0381111571847144 0.22649764684568804
9.0 120 0.501187 -10.28629218485193 -1.7335176793959972 -14.107025459190238 2.001442803660305 0.24833654522800547
9.0 130 0.501187 -11.392792437908252 -1.7439754043293574 -13.89141467520864 1.9557624373770544 0.32524241418665445
9.0 140 0.707946 -12.738750640575814 -1.8301493239603348 -13.983505620477462 2.137004897738345 0.3028484372670149
9.0 150 0.501187 -10.48081042896186 -1.5482817552221522 -13.158125863099794 1.5347428829549712 0.465003350259208
9.0 160 0.707946 -15.137182891183057 -1.8240507848620768 -13.550413083639727 2.073732587060974 0.3977685918610168
9.0 170 0.707946 -15.406266307059264 -1.7885289523147574 -13.340069247849845 2.0588347209896085 0.4066737725546488
9.0 180 0.707946 -15.555036782175302 -1.7050080053705157 -12.842138204093242 1.8284435596753013 0.5154556815317098
10.0 0 1e-100 -100.0 0.0 -100.0 1.0 0.0
10.0 10 1e-100 -100.0 0.0 -100.0 1.0 0.0
10.0 20 1e-100 -100.0 0.0 -100.0 1.0 0.0
10.0 30 1e-100 -100.0 0.0 -100.0 1.0 0.0
10.0 40 1e-100 -100.0 0.0 -100.0 1.0 0.0
10.0 50 1e-100 -100.0 0.0 -100.0 1.0 0.0
10.0 60 1e-100 -100.0 0.0 -100.0 1.0 0.0
10.0 70 0.354813 -11.893358753846393 -1.544696482091764 -13.793319110570893 1.9331362586410783 0.11414552393812578
10.0 80 0.354813 -11.266283191906492 -1.60586958173468 -13.771728191173787 2.0752691755223713 0.119584932681005
10.0 90 0.501187 -11.993122572426971 -1.6314153955756927 -13.491563414473077 2.051489155349002 0.2004177734381945
10.0 100 0.501187 -11.28752845541955 -1.6980610279518782 -13.939127376109093 2.056471463087621 0.22440936506129472
10.0 110 0.501187 -10.438989629501137 -1.7048782940122857 -14.02411366171283 1.9756610076352452 0.25864270811510137
10.0 120 0.707946 -12.971880448254298 -1.8103405943927207 -13.945273819708898 2.147380456302918 0.3037215811993452
10.0 130 0.501187 -10.602836865736597 -1.5659371710453265 -13.267398144654774 1.5754646765811113 0.45280825489289755
10.0 140 0.707946 -14.978637232310824 -1.7758035281302749 -13.374034015135045 1.946313308706269 0.44556389383540246
10.0 150 0.707946 -15.957809292962242 -1.7852895054368167 -13.227575862942494 1.9228304334637223 0.48788310269807145
10.0 160 0.707946 -14.620671924563501 -1.708281512460542 -13.042484721972182 1.827758224887032 0.47726984211853857
10.0 170 0.707946 -15.015764808721618 -1.7110767080364322 -12.95568697408672 1.8056112798004798 0.5004851120766839
10.0 180 0.707946 -15.989128199338218 -1.6494453133334248 -12.386001232145368 1.670872570498607 0.6039705512625824
20.0 0 1e-100 -100.0 0.0 -100.0 1.0 0.0
20.0 10 1e-100 -100.0 0.0 -100.0 1.0 0.0
20.0 20 1e-100 -100.0 0.0 -100.0 1.0 0.0
20.0 30 1e-100 -100.0 0.0 -100.0 1.0 0.0
20.0 40 1e-100 -100.0 0.0 -100.0 1.0 0.0
20.0 50 0.354813 -11.66036081614354 -1.5271957037287323 -13.929343790722571 1.8517585192811636 0.16021923707476765
20.0 60 0.501187 -11.037446564456026 -1.7543125784477542 -14.529066834449834 2.4220251146591085 0.05402124877611692
20.0 70 0.501187 -10.787039351183715 -1.7438490321561484 -14.43047752739264 2.085327194231138 0.22733054171562742
20.0 80 0.501187 -11.326480913304392 -1.568165497722629 -13.400626802769247 1.5900921308339842 0.47645289732903817
20.0 90 0.707946 -13.417827798963234 -1.6895182307310854 -13.447144613316063 1.7694858487980272 0.460295805500976
20.0 100 0.707946 -15.418115652083772 -1.3840013734845233 -10.594870135778574 1.159020732989028 0.8512913636448888
20.0 110 0.707946 -16.288303683660537 -1.425412739847197 -10.562697772993513 1.2009792414537266 0.873255478017506
20.0 120 0.707946 -17.20655768160786 -1.4789921029747108 -10.647508202882152 1.2355414384244203 0.9216469891944155
20.0 130 0.707946 -16.766439596792868 -1.374642761202481 -9.809361580527142 1.072110055826658 1.053233117144489
20.0 140 0.707946 -16.972595356849865 -1.3520923195748265 -9.481460558112131 1.0383520230508636 1.0943326847101524
20.0 150 0.707946 -17.4004395699388 -1.3252021839918482 -9.038456538299966 1.000747067858173 1.1494916710336602
20.0 160 0.707946 -17.494389778351398 -1.3317606102578234 -9.036171183486234 1.0000300355148712 1.160799594242225
20.0 170 0.707946 -19.337043434223876 -1.340932104307898 -8.450602362394417 1.0002345847082725 1.2403008470250252
20.0 180 0.707946 -18.020305842600514 -1.3374305888739213 -8.878549635937137 1.0001875850597708 1.1857104085212842
30.0 0 1e-100 -100.0 0.0 -100.0 1.0 0.0
30.0 10 1e-100 -100.0 0.0 -100.0 1.0 0.0
30.0 20 1e-100 -100.0 0.0 -100.0 1.0 0.0
30.0 30 1e-100 -100.0 0.0 -100.0 1.0 0.0
30.0 40 0.354813 -10.733302395948153 -1.4822748884186316 -14.146806746495423 1.7661198434443368 0.14795860475390987
30.0 50 0.501187 -11.936965017540844 -1.775610722974586 -14.600716550193287 2.293507888301085 0.1496271147410232
30.0 60 0.707946 -12.939678868139364 -1.825212819776572 -14.483532576324738 2.152673334290655 0.3023560422999184
30.0 70 0.707946 -12.992449755686833 -1.7552902111518378 -14.033269630865107 1.8940502050841568 0.39355703380161833
30.0 80 0.707946 -17.004149727452297 -1.55911307498058 -11.662578097816919 1.4283481765531005 0.7211620290794827
30.0 90 0.707946 -17.292663199125304 -1.486165139055855 -10.864633659113302 1.2591150968459262 0.8997894263868972
30.0 100 0.707946 -17.335815024518695 -1.341381542594042 -9.434959615756597 1.0247503888877612 1.124201429293926
30.0 110 1.0 -12.344161401677182 -1.3786759345529174 -11.379641855660063 1.0816938678335484 0.849575527873588
30.0 120 1.0 -12.877215733054909 -1.3878823192999248 -11.184834142861947 1.0924848215448066 0.8614852504983197
30.0 130 0.707946 -20.72813979710472 -1.3565235536272064 -8.144462068045529 1.0000204334379514 1.2900329593545017
30.0 140 1.0 -13.225839520517788 -1.3815135551063131 -10.895883196178648 1.070237147377566 0.8879092255636599
30.0 150 0.707946 -19.852020033782804 -1.345560094833233 -8.234276932256684 1.0001137157531341 1.2261723999629295
30.0 160 1.0 -18.10035293601547 -1.3380318159065188 -8.750635127533737 1.000069985474515 1.1491199894152853
30.0 170 1.0 -15.523645446410207 -1.32654513298438 -9.569947205876993 1.0004449300072777 1.0381687678079747
30.0 180 1.0 -15.690836607789988 -1.328102377532136 -9.511413466929127 1.0000745325135678 1.0422240256281405
40.0 0 1e-100 -100.0 0.0 -100.0 1.0 0.0
40.0 10 1e-100 -100.0 0.0 -100.0 1.0 0.0
40.0 20 1e-100 -100.0 0.0 -100.0 1.0 0.0
40.0 30 1e-100 -100.0 0.0 -100.0 1.0 0.0
40.0 40 0.501187 -11.600651662752181 -1.6501438861969564 -14.35990420369617 2.0842744996514777 0.15708426724268124
40.0 50 0.501187 -11.370669045163684 -1.7578616233060012 -14.616643270748865 2.0194231206768474 0.29783692022871705
40.0 60 0.707946 -15.477780009276158 -1.6854659448172145 -13.326289057438727 1.7807848867312543 0.5232103605543358
40.0 70 0.707946 -16.285511008084896 -1.4043337742836555 -10.696284894742698 1.166462611595268 0.8976587287981082
40.0 80 0.707946 -16.516885836001073 -1.359109017268182 -10.052940494683684 1.0524497535457098 1.0591415068937737
40.0 90 1.0 -12.824057803356657 -1.3137663388767344 -10.885381954555147 1.000032247897119 0.9401579697137205
40.0 100 0.707946 -17.937901360615225 -1.3332719476952202 -9.054967565644073 1.000074680610987 1.1642755512359038
40.0 110 1.0 -12.87881812840667 -1.3520318326262466 -10.918215448784089 1.0321756547870806 0.9000343722495606
40.0 120 1.0 -15.382730532383453 -1.3309210305500472 -9.771135230033304 1.00117917426438 1.0307988873997687
40.0 130 1.0 -14.306240723588596 -1.3236451596307242 -10.038035434754255 1.0000839034228912 0.9682215186515573
40.0 140 1.0 -14.993789810808227 -1.3264353789995353 -9.751177153662981 1.001458831309423 0.9871261315671894
40.0 150 0.707946 -19.76405018048558 -1.3365856514232004 -8.078893788456055 1.000423751724036 1.1753884206266108
40.0 160 0.707946 -21.20541562130222 -1.3451194198154441 -7.630932340314302 1.0002723618152454 1.2323135323875634
40.0 170 1.0 -15.994452528396575 -1.327837689508949 -9.31457987233685 1.0016782072839774 1.0194911378805183
40.0 180 0.707946 -20.469135378008325 -1.3449245074929284 -7.864405754946912 1.0000502247871768 1.2031827865074365
100.0 0 1e-100 -100.0 0.0 -100.0 1.0 0.0
100.0 10 1e-100 -100.0 0.0 -100.0 1.0 0.0
100.0 20 0.354813 -10.41593257670788 -1.5000365876616386 -15.173191895871101 1.9867802091079174 -0.00817445700747065
100.0 30 0.501187 -12.64173447164879 -1.8292732612853764 -15.14111870191372 2.227963744863829 0.25519123460210374
100.0 40 0.707946 -17.03047535195372 -1.4352991953970282 -11.213304083343479 1.2221548188886748 0.8729998576638623
100.0 50 0.707946 -16.26096202143264 -1.3181483146436002 -10.121979422464824 1.000027429587504 1.0994076836000028
100.0 60 1.0 -13.493573806305806 -1.3254985305140006 -10.959616997215601 1.0002394763645872 0.9684387004981819
100.0 70 1.0 -14.276287713993586 -1.3217315646975691 -10.433958747891614 1.0001164593723062 0.9649322648343392
100.0 80 0.707946 -21.460727631239756 -1.3540558156693316 -7.992638164636967 1.0000891846142135 1.2459076709461188
100.0 90 1.0 -17.26754291105987 -1.3396070672407545 -9.185363285064044 1.0003166084800363 1.0602661124105832
100.0 100 0.707946 -23.935433521963535 -1.3689527183446568 -7.059353329390277 1.000022287855802 1.3032557963468379
100.0 110 0.707946 -23.460935618856595 -1.3685264709755065 -7.115159419303955 1.000042782191328 1.2695170680515497
100.0 120 0.707946 -23.248332236955513 -1.3707986901979832 -7.132368538698175 1.0000130665838143 1.2519494003033036
100.0 130 0.707946 -24.999999999999996 -1.3817162463709862 -6.6151595571911095 1.0000000000000002 1.3104541771012261
100.0 140 1.0 -24.999999999999996 -1.387669323145261 -6.640714328182677 1.0000000000000009 1.3101192646091566
100.0 150 0.707946 -24.999999999999996 -1.382293240125454 -6.526245585131252 1.0000000000000002 1.293038778652721
100.0 160 0.707946 -24.999999999999996 -1.3882896027055625 -6.582707252484438 1.0000000000000002 1.30250365528475
100.0 170 1.0 -24.69662367457637 -1.3873907071061797 -6.650341901647618 1.0004033309427784 1.2880107442587703
100.0 180 0.707946 -24.999999999999996 -1.392476780815785 -6.613889921774715 1.0000000000000002 1.3056189139748826
