#eta_eta0 | theta | x_cut | A0 | A1 | A2 | A3 | A4 | F = 10^( A0*X**(A1 + log_10(X)) ), X = -A3*(log_10(x)-A4)
1.1 0 1e-100 -100.0 0.0 -100.0 1.0 0.0
1.1 10 1e-100 -100.0 0.0 -100.0 1.0 0.0
1.1 20 1e-100 -100.0 0.0 -100.0 1.0 0.0
1.1 30 1e-100 -100.0 0.0 -100.0 1.0 0.0
1.1 40 1e-100 -100.0 0.0 -100.0 1.0 0.0
1.1 50 1e-100 -100.0 0.0 -100.0 1.0 0.0
1.1 60 1e-100 -100.0 0.0 -100.0 1.0 0.0
1.1 70 1e-100 -100.0 0.0 -100.0 1.0 0.0
1.1 80 1e-100 -100.0 0.0 -100.0 1.0 0.0
1.1 90 1e-100 -100.0 0.0 -100.0 1.0 0.0
1.1 100 1e-100 -100.0 0.0 -100.0 1.0 0.0
1.1 110 1e-100 -100.0 0.0 -100.0 1.0 0.0
1.1 120 1e-100 -100.0 0.0 -100.0 1.0 0.0
1.1 130 1e-100 -100.0 0.0 -100.0 1.0 0.0
1.1 140 1e-100 -100.0 0.0 -100.0 1.0 0.0
1.1 150 1e-100 -100.0 0.0 -100.0 1.0 0.0
1.1 160 0.251189 -4.8766073555501555 -2.439606134289442 -17.24924583722194 9.414136768052378 -0.6377537012711677
1.1 170 0.251189 -4.071686505921962 -2.4303664356599692 -17.025052657822364 8.045517997078202 -0.6024202589324011
1.1 180 0.251189 -4.696446672542782 -2.3321152191352543 -16.89386365455607 8.670819878011129 -0.5979664298178617
1.2 0 1e-100 -100.0 0.0 -100.0 1.0 0.0
1.2 10 1e-100 -100.0 0.0 -100.0 1.0 0.0
1.2 20 1e-100 -100.0 0.0 -100.0 1.0 0.0
1.2 30 1e-100 -100.0 0.0 -100.0 1.0 0.0
1.2 40 1e-100 -100.0 0.0 -100.0 1.0 0.0
1.2 50 1e-100 -100.0 0.0 -100.0 1.0 0.0
1.2 60 1e-100 -100.0 0.0 -100.0 1.0 0.0
1.2 70 1e-100 -100.0 0.0 -100.0 1.0 0.0
1.2 80 1e-100 -100.0 0.0 -100.0 1.0 0.0
1.2 90 1e-100 -100.0 0.0 -100.0 1.0 0.0
1.2 100 1e-100 -100.0 0.0 -100.0 1.0 0.0
1.2 110 1e-100 -100.0 0.0 -100.0 1.0 0.0
1.2 120 1e-100 -100.0 0.0 -100.0 1.0 0.0
1.2 130 1e-100 -100.0 0.0 -100.0 1.0 0.0
1.2 140 0.177828 -2.83755728566225 -2.5349659389954238 -17.495048979689887 13.358885518630627 -0.7656679370186489
1.2 150 0.251189 -3.471909995424704 -2.4644485429433582 -16.91580747626483 7.108050360567741 -0.5775625318803882
1.2 160 0.251189 -4.169378717359975 -2.3763456923560624 -16.665437872321956 7.697349804448764 -0.5599302742526399
1.2 170 0.251189 -4.025889295409147 -2.393147812271487 -16.5876826219382 7.3945297274328885 -0.5462593247776525
1.2 180 0.251189 -4.504493524720143 -2.3306228901062824 -16.512183173643525 7.830582136812386 -0.5435571708945058
1.3 0 1e-100 -100.0 0.0 -100.0 1.0 0.0
1.3 10 1e-100 -100.0 0.0 -100.0 1.0 0.0
1.3 20 1e-100 -100.0 0.0 -100.0 1.0 0.0
1.3 30 1e-100 -100.0 0.0 -100.0 1.0 0.0
1.3 40 1e-100 -100.0 0.0 -100.0 1.0 0.0
1.3 50 1e-100 -100.0 0.0 -100.0 1.0 0.0
1.3 60 1e-100 -100.0 0.0 -100.0 1.0 0.0
1.3 70 1e-100 -100.0 0.0 -100.0 1.0 0.0
1.3 80 1e-100 -100.0 0.0 -100.0 1.0 0.0
1.3 90 1e-100 -100.0 0.0 -100.0 1.0 0.0
1.3 100 1e-100 -100.0 0.0 -100.0 1.0 0.0
1.3 110 1e-100 -100.0 0.0 -100.0 1.0 0.0
1.3 120 1e-100 -100.0 0.0 -100.0 1.0 0.0
1.3 130 0.251189 -5.457997494269825 -2.3820635666737644 -17.251481759715553 9.87296988076535 -0.636126401454095
1.3 140 0.251189 -4.951401174292492 -2.264591946512329 -16.65646235558626 8.25844446801123 -0.562632388447048
1.3 150 0.251189 -4.032196832109894 -2.392471718769174 -16.559057920960047 7.305581508922336 -0.5372334222346317
1.3 160 0.251189 -4.387319646741073 -2.342663127282617 -16.40139862124621 7.431160562094756 -0.5181878473390374
1.3 170 0.251189 -4.5542399705225725 -2.321013237502976 -16.313779087834615 7.156325547116637 -0.49720174091287433
1.3 180 0.251189 -4.2738039503722405 -2.3568943316040105 -16.324803438260467 6.967935496609142 -0.49629018980567674
1.4 0 1e-100 -100.0 0.0 -100.0 1.0 0.0
1.4 10 1e-100 -100.0 0.0 -100.0 1.0 0.0
1.4 20 1e-100 -100.0 0.0 -100.0 1.0 0.0
1.4 30 1e-100 -100.0 0.0 -100.0 1.0 0.0
1.4 40 1e-100 -100.0 0.0 -100.0 1.0 0.0
1.4 50 1e-100 -100.0 0.0 -100.0 1.0 0.0
1.4 60 1e-100 -100.0 0.0 -100.0 1.0 0.0
1.4 70 1e-100 -100.0 0.0 -100.0 1.0 0.0
1.4 80 1e-100 -100.0 0.0 -100.0 1.0 0.0
1.4 90 1e-100 -100.0 0.0 -100.0 1.0 0.0
1.4 100 1e-100 -100.0 0.0 -100.0 1.0 0.0
1.4 110 1e-100 -100.0 0.0 -100.0 1.0 0.0
1.4 120 0.177828 -2.38918568657972 -2.5959290315459844 -17.78987843181053 13.743352844065756 -0.7822630345259728
1.4 130 0.251189 -4.56900619519144 -2.319978510789422 -16.734379544161296 8.021554607140196 -0.5644643580706483
1.4 140 0.251189 -4.890037533405811 -2.2743873696636183 -16.424696445275686 7.727387183886709 -0.5208597933786416
1.4 150 0.251189 -4.23012339732041 -2.36136512006567 -16.35434475825537 7.119520866401609 -0.5013177870735717
1.4 160 0.354813 -4.153016205188232 -2.3841036965460582 -16.255359047549803 5.601989035011531 -0.41833620881785694
1.4 170 0.354813 -5.576542670441992 -2.177034597608877 -15.992364076510233 6.340481695575183 -0.40067539634588806
1.4 180 0.354813 -5.429421517316226 -2.1972918752990265 -16.006450966417646 6.269460127926127 -0.3966652009438609
1.5 0 1e-100 -100.0 0.0 -100.0 1.0 0.0
1.5 10 1e-100 -100.0 0.0 -100.0 1.0 0.0
1.5 20 1e-100 -100.0 0.0 -100.0 1.0 0.0
1.5 30 1e-100 -100.0 0.0 -100.0 1.0 0.0
1.5 40 1e-100 -100.0 0.0 -100.0 1.0 0.0
1.5 50 1e-100 -100.0 0.0 -100.0 1.0 0.0
1.5 60 1e-100 -100.0 0.0 -100.0 1.0 0.0
1.5 70 1e-100 -100.0 0.0 -100.0 1.0 0.0
1.5 80 1e-100 -100.0 0.0 -100.0 1.0 0.0
1.5 90 1e-100 -100.0 0.0 -100.0 1.0 0.0
1.5 100 1e-100 -100.0 0.0 -100.0 1.0 0.0
1.5 110 1e-100 -100.0 0.0 -100.0 1.0 0.0
1.5 120 0.251189 -4.738329526352418 -2.296302744280892 -16.858913284644867 8.461951645463374 -0.5801416595030053
1.5 130 0.251189 -4.625957136022326 -2.312650489400961 -16.50422570768255 7.708639776603087 -0.5281437915476805
1.5 140 0.251189 -5.400492610478671 -2.202535913597497 -16.17578223689466 7.1763028775047815 -0.46491654667070925
1.5 150 0.354813 -5.3146819345140095 -2.2123058357047753 -16.05614304643664 6.212797920453609 -0.39713896217872174
1.5 160 0.354813 -4.994960629950958 -2.262215450229018 -16.02020752161133 5.754280757922158 -0.3677776418134928
1.5 170 0.354813 -5.513295804568354 -2.199087665884129 -15.891720524885331 5.957494098164297 -0.35477276530784185
1.5 180 0.354813 -5.346502943738042 -2.2211155908771474 -15.905218339426979 5.896063954112986 -0.35363026873789927
1.6 0 1e-100 -100.0 0.0 -100.0 1.0 0.0
1.6 10 1e-100 -100.0 0.0 -100.0 1.0 0.0
1.6 20 1e-100 -100.0 0.0 -100.0 1.0 0.0
1.6 30 1e-100 -100.0 0.0 -100.0 1.0 0.0
1.6 40 1e-100 -100.0 0.0 -100.0 1.0 0.0
1.6 50 1e-100 -100.0 0.0 -100.0 1.0 0.0
1.6 60 1e-100 -100.0 0.0 -100.0 1.0 0.0
1.6 70 1e-100 -100.0 0.0 -100.0 1.0 0.0
1.6 80 1e-100 -100.0 0.0 -100.0 1.0 0.0
1.6 90 1e-100 -100.0 0.0 -100.0 1.0 0.0
1.6 100 1e-100 -100.0 0.0 -100.0 1.0 0.0
1.6 110 0.251189 -4.619991235787596 -2.445442206671752 -17.344098691353466 8.952557962976577 -0.6250621313151843
1.6 120 0.251189 -4.394690788126569 -2.345707304772512 -16.6462918150312 7.589242785362813 -0.5399724735352507
1.6 130 0.251189 -4.941159749881835 -2.2659729291109736 -16.302988766893915 7.324013711810427 -0.4859153861546012
1.6 140 0.354813 -4.861539455196204 -2.273737812624427 -16.134808724140576 5.884403033337844 -0.3890374638167939
1.6 150 0.354813 -5.308772660850225 -2.229196132305477 -15.947789009281221 5.813829051858603 -0.3524327428429229
1.6 160 0.354813 -5.928867571003084 -2.145828964290049 -15.74235759740641 5.867305697616431 -0.3266683112993837
1.6 170 0.354813 -5.083341209549559 -2.2583334252703575 -15.848414055284945 5.560183928785127 -0.32490186316501457
1.6 180 0.354813 -5.732502337584645 -2.17321020805842 -15.71705246593341 5.73920789553687 -0.31464025261121736
1.7 0 1e-100 -100.0 0.0 -100.0 1.0 0.0
1.7 10 1e-100 -100.0 0.0 -100.0 1.0 0.0
1.7 20 1e-100 -100.0 0.0 -100.0 1.0 0.0
1.7 30 1e-100 -100.0 0.0 -100.0 1.0 0.0
1.7 40 1e-100 -100.0 0.0 -100.0 1.0 0.0
1.7 50 1e-100 -100.0 0.0 -100.0 1.0 0.0
1.7 60 1e-100 -100.0 0.0 -100.0 1.0 0.0
1.7 70 1e-100 -100.0 0.0 -100.0 1.0 0.0
1.7 80 1e-100 -100.0 0.0 -100.0 1.0 0.0
1.7 90 1e-100 -100.0 0.0 -100.0 1.0 0.0
1.7 100 1e-100 -100.0 0.0 -100.0 1.0 0.0
1.7 110 0.251189 -1.0000000000002989 -2.6999999999999997 -17.048405022007035 3.2863211822341114 -0.5045883667176662
1.7 120 0.251189 -4.9633181985823525 -2.264390840202573 -16.4125245907815 7.590255186229176 -0.504144880404635
1.7 130 0.354813 -5.396054983179102 -2.202477394809488 -16.101040941529583 6.272042515615733 -0.39899966806976184
1.7 140 0.354813 -5.069985334278688 -2.258154302855243 -15.99700309897684 5.659748800840783 -0.34912870133443213
1.7 150 0.354813 -5.672220174189492 -2.1809856850718123 -15.773355356251267 5.749674669162835 -0.32002921443436494
1.7 160 0.354813 -5.249287776857187 -2.235980543076735 -15.762850942397133 5.523094832407099 -0.3072080939080791
1.7 170 0.354813 -5.523360315174331 -2.2020137141260503 -15.666760068495599 5.548469641457745 -0.29328103891324986
1.7 180 0.354813 -5.567069829234143 -2.1959596841113362 -15.642378380164555 5.554297833177997 -0.2901367558814241
1.8 0 1e-100 -100.0 0.0 -100.0 1.0 0.0
1.8 10 1e-100 -100.0 0.0 -100.0 1.0 0.0
1.8 20 1e-100 -100.0 0.0 -100.0 1.0 0.0
1.8 30 1e-100 -100.0 0.0 -100.0 1.0 0.0
1.8 40 1e-100 -100.0 0.0 -100.0 1.0 0.0
1.8 50 1e-100 -100.0 0.0 -100.0 1.0 0.0
1.8 60 1e-100 -100.0 0.0 -100.0 1.0 0.0
1.8 70 1e-100 -100.0 0.0 -100.0 1.0 0.0
1.8 80 1e-100 -100.0 0.0 -100.0 1.0 0.0
1.8 90 1e-100 -100.0 0.0 -100.0 1.0 0.0
1.8 100 0.177828 -2.3476629333956245 -2.5958875192955517 -17.75935849269046 13.211726116479543 -0.7765147944880555
1.8 110 0.251189 -4.057723696433667 -2.389062281485808 -16.71053736398018 7.326912544129673 -0.5390557973797583
1.8 120 0.354813 -4.969063632202524 -2.2649543300618014 -16.27906664722452 6.518573612870673 -0.4404428387012061
1.8 130 0.354813 -5.101177667902816 -2.255902969782122 -16.04739418210841 5.693756128467919 -0.3565750975535245
1.8 140 0.354813 -5.496594098547888 -2.2038140239816313 -15.828883206173893 5.7366621942094085 -0.3230553280902455
1.8 150 0.354813 -5.399279911152826 -2.218271113568352 -15.724727421358347 5.57002888370952 -0.2999893318096114
1.8 160 0.354813 -5.507320009713453 -2.2038448537687403 -15.617895495398106 5.463244079558537 -0.27869274046338216
1.8 170 0.354813 -5.681494755704289 -2.1831072517389405 -15.533607834487174 5.418399036435633 -0.26367514526851143
1.8 180 0.354813 -5.83016665323387 -2.1642051798815065 -15.488669987555157 5.427968037769219 -0.2581672875992636
1.9 0 1e-100 -100.0 0.0 -100.0 1.0 0.0
1.9 10 1e-100 -100.0 0.0 -100.0 1.0 0.0
1.9 20 1e-100 -100.0 0.0 -100.0 1.0 0.0
1.9 30 1e-100 -100.0 0.0 -100.0 1.0 0.0
1.9 40 1e-100 -100.0 0.0 -100.0 1.0 0.0
1.9 50 1e-100 -100.0 0.0 -100.0 1.0 0.0
1.9 60 1e-100 -100.0 0.0 -100.0 1.0 0.0
1.9 70 1e-100 -100.0 0.0 -100.0 1.0 0.0
1.9 80 1e-100 -100.0 0.0 -100.0 1.0 0.0
1.9 90 1e-100 -100.0 0.0 -100.0 1.0 0.0
1.9 100 0.251189 -4.723421496893991 -2.301907524922532 -17.01674953763341 8.495732577608749 -0.5870752510617081
1.9 110 0.251189 -5.3793876405823235 -2.2063720848835553 -16.379881779205608 7.346139899227163 -0.48599993018246734
1.9 120 0.354813 -5.419481914794499 -2.205029801336482 -16.103551416507816 6.129498101310364 -0.3827642768269791
1.9 130 0.354813 -5.492228962693653 -2.204722605454476 -15.893452633301278 5.767110401914932 -0.33011960846198296
1.9 140 0.354813 -5.249208825206092 -2.2383511647907235 -15.771128704728582 5.443861280388111 -0.2969764009602138
1.9 150 0.354813 -5.644066177574246 -2.1875338050460735 -15.581640656908187 5.446173492849008 -0.268784045611683
1.9 160 0.354813 -5.9251824951453 -2.152773298318671 -15.44072521828574 5.394022330233341 -0.24589650678078603
1.9 170 0.354813 -5.542715218535427 -2.204345491342062 -15.461926549792366 5.2603213743749775 -0.24320378035157106
1.9 180 0.354813 -5.861553191586912 -2.1646955313130127 -15.387164920990722 5.268406189900978 -0.2299362512250545
2.0 0 1e-100 -100.0 0.0 -100.0 1.0 0.0
2.0 10 1e-100 -100.0 0.0 -100.0 1.0 0.0
2.0 20 1e-100 -100.0 0.0 -100.0 1.0 0.0
2.0 30 1e-100 -100.0 0.0 -100.0 1.0 0.0
2.0 40 1e-100 -100.0 0.0 -100.0 1.0 0.0
2.0 50 1e-100 -100.0 0.0 -100.0 1.0 0.0
2.0 60 1e-100 -100.0 0.0 -100.0 1.0 0.0
2.0 70 1e-100 -100.0 0.0 -100.0 1.0 0.0
2.0 80 1e-100 -100.0 0.0 -100.0 1.0 0.0
2.0 90 1e-100 -100.0 0.0 -100.0 1.0 0.0
2.0 100 0.251189 -4.455425331873555 -2.337652614910053 -16.817726289263593 7.771010856076338 -0.5523815709168252
2.0 110 0.354813 -4.6021910384929985 -2.3206487143419796 -16.396696465982068 6.464516677048597 -0.4523418111244884
2.0 120 0.354813 -5.066076444684608 -2.2589744148183626 -16.07096011729427 5.731685074017449 -0.35314656897482116
2.0 130 0.354813 -5.2581284008235905 -2.2372085929459704 -15.838493097270312 5.4961774123046965 -0.30690424198256844
2.0 140 0.354813 -5.784936520503468 -2.1684761384494724 -15.585257269242438 5.47301573219857 -0.26728550751453556
2.0 150 0.354813 -5.961585273988149 -2.149517752471084 -15.42704644918105 5.3406132482713495 -0.23764783817992327
2.0 160 0.354813 -5.603366765849264 -2.200600344180382 -15.410892532239762 5.151568095621721 -0.22506483704372196
2.0 170 0.501187 -5.525725727473828 -2.2720117125018557 -15.425959675658852 5.518232410585976 -0.2517144990004506
2.0 180 0.501187 -5.489670860610991 -2.241224340635004 -15.388567659473955 5.34588349491719 -0.23761258515046318
3.0 0 1e-100 -100.0 0.0 -100.0 1.0 0.0
3.0 10 1e-100 -100.0 0.0 -100.0 1.0 0.0
3.0 20 1e-100 -100.0 0.0 -100.0 1.0 0.0
3.0 30 1e-100 -100.0 0.0 -100.0 1.0 0.0
3.0 40 1e-100 -100.0 0.0 -100.0 1.0 0.0
3.0 50 1e-100 -100.0 0.0 -100.0 1.0 0.0
3.0 60 1e-100 -100.0 0.0 -100.0 1.0 0.0
3.0 70 1e-100 -100.0 0.0 -100.0 1.0 0.0
3.0 80 0.251189 -4.989602478968097 -2.26140281874585 -16.730687816720685 7.652460677950657 -0.5156392802168724
3.0 90 0.354813 -5.319340414189501 -2.2269235827855027 -16.20826781263267 5.826983881297222 -0.35144830291010926
3.0 100 0.354813 -5.582038899900948 -2.195150497070903 -15.809416953984021 5.477229030643985 -0.2742074759094123
3.0 110 0.501187 -5.570979495196974 -2.234303694686942 -15.538760805431185 5.335001364297343 -0.23237289060371766
3.0 120 0.501187 -5.922492131927321 -2.173700368913071 -15.30077062667758 4.914566086613798 -0.1568881522358688
3.0 130 0.501187 -6.104176198021129 -2.1499455893442034 -15.328726601716738 4.740509941640939 -0.11437683734834035
3.0 140 0.501187 -6.1748440653088394 -2.143401636654477 -15.450904065270603 4.539109787978264 -0.07583900534599092
3.0 150 0.501187 -6.483785118783933 -2.1093962769246963 -15.502213071528914 4.395799574135043 -0.03957930793136584
3.0 160 0.501187 -6.052398707907729 -2.168388138783075 -15.671295407064315 4.227235762446253 -0.029609246277921056
3.0 170 0.501187 -6.210027879114716 -2.1537507095159256 -15.681540614477537 4.119997088606839 -0.007202691076466022
3.0 180 0.501187 -6.144979987242379 -2.1599654058275166 -15.70916112397458 4.144564251871262 -0.010206636014148356
4.0 0 1e-100 -100.0 0.0 -100.0 1.0 0.0
4.0 10 1e-100 -100.0 0.0 -100.0 1.0 0.0
4.0 20 1e-100 -100.0 0.0 -100.0 1.0 0.0
4.0 30 1e-100 -100.0 0.0 -100.0 1.0 0.0
4.0 40 1e-100 -100.0 0.0 -100.0 1.0 0.0
4.0 50 1e-100 -100.0 0.0 -100.0 1.0 0.0
4.0 60 1e-100 -100.0 0.0 -100.0 1.0 0.0
4.0 70 0.251189 -4.005989627193995 -2.388401527395691 -16.802438006711515 6.564513944243791 -0.4861840496922536
4.0 80 0.354813 -5.373105883663381 -2.220920959511729 -16.114225645365387 5.617483035580167 -0.30724783869754646
4.0 90 0.501187 -5.709990430775931 -2.2444275803455036 -15.67842082772923 5.440839785738506 -0.23756060552057567
4.0 100 0.501187 -6.234140193229828 -2.1339538747669105 -15.373351515929425 4.885927043977818 -0.134725243986319
4.0 110 0.501187 -6.2383676128312695 -2.1385110408923214 -15.5926289626526 4.50962357551086 -0.06802999508372055
4.0 120 0.501187 -6.737242734401577 -2.086681150867591 -15.700997866144974 4.157832127088301 0.01030764708161171
4.0 130 0.501187 -7.136783631280121 -2.0452890304291653 -15.715682593853389 3.8087012093490067 0.08910684862544031
4.0 140 0.707946 -6.706800836099424 -2.2793629003896294 -15.998051884560157 4.410908011321229 -0.014098893494805677
4.0 150 0.707946 -7.676329773189119 -2.18706772638141 -15.658992421537022 3.585424282629325 0.08798822952025394
4.0 160 0.707946 -8.531761946846906 -2.040991393013716 -15.299883842113953 3.4229207751826927 0.14403010694182794
4.0 170 0.707946 -8.757683040312319 -2.002326551989068 -15.15500971007478 3.2867022182637107 0.17497062761717208
4.0 180 0.707946 -8.757957790846945 -2.0106080438714593 -15.158540325220635 3.2652514253877647 0.18005697277413962
5.0 0 1e-100 -100.0 0.0 -100.0 1.0 0.0
5.0 10 1e-100 -100.0 0.0 -100.0 1.0 0.0
5.0 20 1e-100 -100.0 0.0 -100.0 1.0 0.0
5.0 30 1e-100 -100.0 0.0 -100.0 1.0 0.0
5.0 40 1e-100 -100.0 0.0 -100.0 1.0 0.0
5.0 50 1e-100 -100.0 0.0 -100.0 1.0 0.0
5.0 60 0.251189 -5.453156864124259 -2.195143481353953 -16.84065734402177 7.504728215598122 -0.4965075937713097
5.0 70 0.354813 -5.656104862623176 -2.182828625292227 -16.169713537270088 5.710535696239536 -0.3056844050808807
5.0 80 0.501187 -5.54080424789902 -2.244076042899927 -15.712721472528127 5.04632920616351 -0.20529007298126584
5.0 90 0.501187 -6.0778736461382445 -2.1553166370264085 -15.580982311040117 4.7009971856934465 -0.1080094713071049
5.0 100 0.501187 -6.327500075630335 -2.134761393326688 -15.856425699210433 4.274632654962042 -0.021431911782215346
5.0 110 0.707946 -6.043365213742083 -2.4026704211711523 -16.278790172500837 5.16758392341817 -0.10331196496829696
5.0 120 0.707946 -8.007943161919368 -2.1192581487722704 -15.64408565556913 3.637210568104617 0.09509044924543086
5.0 130 0.707946 -9.174454652857257 -1.975350097787854 -15.089404061236133 3.1718572778655907 0.21147620557931318
5.0 140 0.707946 -8.888762533103556 -1.9299732434892818 -14.943047774369667 2.919555176270387 0.26048637566196337
5.0 150 0.707946 -8.93525158716727 -1.889975742136069 -14.768646853546281 2.8378240584856353 0.2844389099722896
5.0 160 0.707946 -9.313822814324649 -1.882922302798356 -14.566683335914083 2.8670736355490654 0.2798625024286992
5.0 170 0.707946 -9.233051944540561 -1.877267404319071 -14.52185984690808 2.825927637790782 0.2883297959035128
5.0 180 0.707946 -9.008144244031644 -1.9142879148262828 -14.633466701241671 2.8645153595362847 0.2756038886540199
6.0 0 1e-100 -100.0 0.0 -100.0 1.0 0.0
6.0 10 1e-100 -100.0 0.0 -100.0 1.0 0.0
6.0 20 1e-100 -100.0 0.0 -100.0 1.0 0.0
6.0 30 1e-100 -100.0 0.0 -100.0 1.0 0.0
6.0 40 1e-100 -100.0 0.0 -100.0 1.0 0.0
6.0 50 0.251189 -4.89914913628734 -2.3600668403560032 -17.88113742377773 9.192782185167195 -0.6259623217521033
6.0 60 0.354813 -5.5112469387215075 -2.202758762439418 -16.47859053077691 5.932569069874405 -0.35128696668329623
6.0 70 0.501187 -5.565784444872886 -2.3125320212843654 -15.942726832379583 5.542610942344045 -0.25491079546118184
6.0 80 0.501187 -5.734132430261171 -2.201889692076675 -15.713661268242728 4.616813634103049 -0.11447437644836088
6.0 90 0.501187 -6.873968241448692 -2.0671575832762272 -15.841285436124018 4.175654058172682 0.01266299108512338
6.0 100 0.707946 -6.830848445373233 -2.2430133548841256 -16.145109599558623 4.55669821414962 -0.022599351370803693
6.0 110 0.707946 -9.016975421657577 -1.9699704463564813 -15.208473364433207 3.2419244423716345 0.18980195318651202
6.0 120 0.707946 -8.820401051987869 -1.9270529846479683 -14.99670976273508 2.8823502213125467 0.2678221516419186
6.0 130 0.707946 -9.424104006364493 -1.8401746739161375 -14.488214140774305 2.8137123334053 0.29363835639214997
6.0 140 0.707946 -9.074403446642085 -1.858611446353443 -14.538746649476362 2.7297617684056865 0.3134376875084621
6.0 150 0.707946 -9.066206599043952 -1.8508363023705388 -14.567117429186885 2.605972693080625 0.3510465070013429
6.0 160 0.707946 -9.11175186989305 -1.8442325415010805 -14.575376042949209 2.502731758299014 0.3889377000264373
6.0 170 0.707946 -9.68725874312409 -1.7347113657262134 -14.152245363696034 2.3060708104009526 0.4623397526283306
6.0 180 0.707946 -9.581726085256692 -1.762924856077583 -14.263100911973686 2.326803954001318 0.4576090895952321
7.0 0 1e-100 -100.0 0.0 -100.0 1.0 0.0
7.0 10 1e-100 -100.0 0.0 -100.0 1.0 0.0
7.0 20 1e-100 -100.0 0.0 -100.0 1.0 0.0
7.0 30 1e-100 -100.0 0.0 -100.0 1.0 0.0
7.0 40 1e-100 -100.0 0.0 -100.0 1.0 0.0
7.0 50 0.251189 -4.600779748791506 -2.3136438933906107 -17.126564061700332 7.4228818858860075 -0.5155960911534315
7.0 60 0.354813 -5.406876604863249 -2.2196662853414093 -16.22256351384325 5.433949608397632 -0.27894106162695687
7.0 70 0.501187 -6.125500457111652 -2.151366135044588 -15.632846961156872 4.909279254908432 -0.14505197869504605
7.0 80 0.501187 -6.280427056643625 -2.1406504773369828 -15.984190586715803 4.27446883890674 -0.026620708300668015
7.0 90 0.707946 -6.228556392041534 -2.312742965392965 -16.30471548638835 4.2994064368556435 -0.019377355320105698
7.0 100 0.707946 -9.053826404132822 -1.9719921915815808 -15.239368016767456 3.1244740841427134 0.21805159710320746
7.0 110 0.707946 -8.918807160693055 -1.8811686919549742 -14.88301175375035 2.795090095111682 0.29523541964094024
7.0 120 0.707946 -8.953579845774943 -1.8887997138926198 -14.698401275918787 2.7891884315018705 0.2954278806538215
7.0 130 0.707946 -9.18158127488498 -1.829088647686147 -14.583872026326027 2.5219612292132196 0.3826975115536878
7.0 140 0.707946 -9.586174522956789 -1.7756784256518563 -14.361212650602432 2.2882291990235406 0.4777707793649083
7.0 150 0.707946 -9.797409481726627 -1.7424247500046184 -14.169311640966017 2.173622955497631 0.5278547152457178
7.0 160 0.707946 -9.73273752573252 -1.7416154123523775 -14.137430538869221 2.124269976829948 0.549490395515131
7.0 170 0.707946 -9.854542361405585 -1.7080796895121948 -13.984343816181923 2.0673701439409204 0.5747669270604223
7.0 180 0.707946 -9.917565470589706 -1.7032441859842018 -13.943578900293355 2.033705969607567 0.5913368945511139
8.0 0 1e-100 -100.0 0.0 -100.0 1.0 0.0
8.0 10 1e-100 -100.0 0.0 -100.0 1.0 0.0
8.0 20 1e-100 -100.0 0.0 -100.0 1.0 0.0
8.0 30 1e-100 -100.0 0.0 -100.0 1.0 0.0
8.0 40 1e-100 -100.0 0.0 -100.0 1.0 0.0
8.0 50 0.354813 -5.220876874986552 -2.2380119902089115 -16.758422988559676 5.985394280719662 -0.38011952701669693
8.0 60 0.501187 -6.000269723949907 -2.2264795944193034 -15.9537365295596 5.6535284367558045 -0.24165646528858606
8.0 70 0.501187 -6.211016844713832 -2.1406798279278814 -15.855746888165891 4.553666036686076 -0.07827198590219217
8.0 80 0.501187 -6.768330961417011 -2.090241847797843 -16.119876971886683 3.8453340518756844 0.07110479852048782
8.0 90 0.707946 -9.127680156892476 -2.0048225502159034 -15.410430424216148 3.290340018355713 0.18708560432717355
8.0 100 0.707946 -9.022141934792085 -1.8587714797942498 -14.874987143319519 2.810601142092048 0.2924664609053014
8.0 110 0.707946 -9.087199552519756 -1.8556795097292265 -14.658976888018833 2.6951748734482877 0.3224197141571351
8.0 120 0.707946 -9.53050843133351 -1.7749318822659246 -14.433930597076305 2.33988517491318 0.4519226494943632
8.0 130 0.707946 -9.856942476929003 -1.7315215967831954 -14.169676546030697 2.1515562474071364 0.5363503686056417
8.0 140 0.707946 -9.786706390852789 -1.727715835654429 -14.108368821916532 2.0603353506322373 0.5789902786980428
8.0 150 0.707946 -9.717201002147975 -1.7505388617492836 -14.203034530998346 2.194071380549305 0.504074724830011
8.0 160 0.707946 -9.656275148462566 -1.7634892973006646 -14.246175612559266 2.2184815095280253 0.4825787704615164
8.0 170 0.707946 -9.76348722897573 -1.7469037919737076 -14.162930030594937 2.1874538793190443 0.49081057085731733
8.0 180 1.0 -9.11185357128351 -2.0697104558501933 -15.119291410902072 3.2417511633606564 0.20483557165804223
9.0 0 1e-100 -100.0 0.0 -100.0 1.0 0.0
9.0 10 1e-100 -100.0 0.0 -100.0 1.0 0.0
9.0 20 1e-100 -100.0 0.0 -100.0 1.0 0.0
9.0 30 1e-100 -100.0 0.0 -100.0 1.0 0.0
9.0 40 0.177828 -3.0647338779617534 -2.496275250209181 -18.48863825578467 14.496065199434009 -0.7733173018575968
9.0 50 0.354813 -5.167308150778546 -2.2481375427805896 -16.560332361618716 5.607729579417497 -0.32164266481128384
9.0 60 0.501187 -6.217949196884782 -2.1379413499235045 -15.719227660634893 5.0062192617448815 -0.15587893332864303
9.0 70 0.501187 -6.313763946795558 -2.139485926671399 -16.130918342527522 4.188824581366773 -0.011112673756539567
9.0 80 0.707946 -8.047862239578619 -2.099221595334535 -15.882238408965065 3.707347223014754 0.08579338810998839
9.0 90 0.707946 -8.779577372261484 -1.9131776563444503 -15.147421532750318 2.8536979517997962 0.27350514833981376
9.0 100 0.707946 -9.023048721209246 -1.8692057434815796 -14.74955964601853 2.750337130388487 0.30646758457692774
9.0 110 0.707946 -9.554807521764792 -1.7740778498069352 -14.478467808770716 2.330725532620357 0.45720579172908976
9.0 120 0.707946 -9.833147729847983 -1.719164928235314 -14.15330605718979 2.085798078457848 0.5644414263684604
9.0 130 0.707946 -9.977173750614826 -1.7035455327294529 -14.0255249422117 2.000596092616147 0.6042381126844151
9.0 140 1.0 -8.550687860885667 -2.1233993994878833 -15.311048469670599 3.2559642372990454 0.18720910067054566
9.0 150 1.0 -9.108149806440192 -1.9365449523446716 -14.851948711080246 2.8235027213346267 0.27869023560640294
9.0 160 1.0 -9.268085638080573 -1.8913330978550966 -14.678641488572644 2.6159754778242754 0.3285660921746327
9.0 170 1.0 -9.446140709249578 -1.8494189104382857 -14.518584367840651 2.49327825624116 0.36517219009658797
9.0 180 1.0 -9.537732840144068 -1.8248618223909576 -14.425830125315809 2.458398894671315 0.3745844142608521
10.0 0 1e-100 -100.0 0.0 -100.0 1.0 0.0
10.0 10 1e-100 -100.0 0.0 -100.0 1.0 0.0
10.0 20 1e-100 -100.0 0.0 -100.0 1.0 0.0
10.0 30 1e-100 -100.0 0.0 -100.0 1.0 0.0
10.0 40 0.251189 -4.651254243938625 -2.308026198848954 -17.506501472662677 7.944964456978845 -0.5529236124452227
10.0 50 0.354813 -5.603755458340349 -2.195268678906184 -16.295776056054844 5.408403142338065 -0.26587491661150175
10.0 60 0.501187 -6.170184966056702 -2.1467587684765594 -15.863374521185078 4.672670290651056 -0.1026649671240566
10.0 70 0.501187 -7.272592159872467 -2.024604625773807 -16.07096220050826 3.7993527580654463 0.09555300297405056
10.0 80 0.707946 -8.795438303392745 -1.96167138702133 -15.392372149186272 3.0686811338177993 0.21996631809044026
10.0 90 0.707946 -8.896360885056207 -1.92017205162958 -14.957843144673516 2.838008466176694 0.2776769373109236
10.0 100 0.707946 -9.39808580967696 -1.79685063391417 -14.622481780517003 2.435185938255832 0.4167727300401235
10.0 110 0.707946 -9.839757802981756 -1.6770573968366536 -14.054232349485067 2.0316318829235898 0.5802387133683293
10.0 120 0.707946 -9.817661347496527 -1.7295148626841095 -14.211703394448564 2.1762236413840204 0.5098123362894379
10.0 130 1.0 -9.07095618724757 -1.9460051292488136 -14.944364959150366 2.917929594327391 0.25955090528672825
10.0 140 1.0 -9.318617290768204 -1.8949564403835601 -14.715703189362038 2.5952090868084725 0.3357252783108874
10.0 150 1.0 -9.559625947190428 -1.830169439026362 -14.452895473917916 2.446675117027467 0.3777269858665722
10.0 160 1.0 -9.754713116505412 -1.781653906387305 -14.235183837317628 2.3393126547915397 0.4109588258750144
10.0 170 1.0 -9.725965719268423 -1.797202307810066 -14.254786687351322 2.2930683842051893 0.4270871822520938
10.0 180 1.0 -9.857101286692087 -1.7631133862559922 -14.119340600282612 2.2677599763513023 0.4346231414959799
20.0 0 1e-100 -100.0 0.0 -100.0 1.0 0.0
20.0 10 1e-100 -100.0 0.0 -100.0 1.0 0.0
20.0 20 1e-100 -100.0 0.0 -100.0 1.0 0.0
20.0 30 0.354813 -5.24165257746799 -2.268745484908328 -17.333721746010443 6.840498805046087 -0.45064263872929494
20.0 40 0.501187 -6.1953220798915725 -2.144125023249117 -16.086486616201444 4.914787836706981 -0.13853036813148273
20.0 50 0.707946 -6.613689357481176 -2.232894248940345 -16.636720398602527 4.266521573476698 -0.0007123661275363439
20.0 60 0.707946 -9.074079796833352 -1.8520639358780226 -15.071640147461435 2.787074261462995 0.2912452524403199
20.0 70 0.707946 -9.521249946547767 -1.752468894179255 -14.695890042684827 2.1631793178406427 0.5220143400694268
20.0 80 1.0 -8.794502526799757 -1.9163883145190967 -15.192304192114976 2.7216367639123225 0.292062742187836
20.0 90 1.0 -9.42329361658463 -1.7636817714079975 -14.491556552500297 2.2342126172715058 0.42976670681680823
20.0 100 1.0 -10.894922719479375 -1.4857397813481055 -12.712836761159256 1.4967207270451335 0.708052853183675
20.0 110 1.0 -11.282676698957726 -1.4030377521927668 -12.033316035423379 1.3457883886857356 0.7921597245770146
20.0 120 1.0 -11.825561713894905 -1.4572215233530064 -12.100986366026797 1.444578720569181 0.7579879132890163
20.0 130 1.0 -11.923627239135289 -1.4560154420175337 -11.990202208425215 1.4055837956388215 0.7924742092888138
20.0 140 1.0 -12.653796833861906 -1.421174241528273 -11.48969765414315 1.3400985423050107 0.8607114303454735
20.0 150 1.0 -12.354200703356412 -1.4074519215595858 -11.447092191166425 1.3000853898025608 0.8750679571809661
20.0 160 1.0 -11.93781817304717 -1.3696293312233279 -11.313710366915018 1.2504838172899317 0.8801145467255479
20.0 170 1.0 -11.860204719540928 -1.360993421462859 -11.265977262139343 1.234768521422999 0.8864205133506259
20.0 180 1.0 -11.688993028478803 -1.3563056255179895 -11.289738142727616 1.2260373975453978 0.8850945321936858
30.0 0 1e-100 -100.0 0.0 -100.0 1.0 0.0
30.0 10 1e-100 -100.0 0.0 -100.0 1.0 0.0
30.0 20 1e-100 -100.0 0.0 -100.0 1.0 0.0
30.0 30 0.501187 -6.3284913081126035 -2.247580427509551 -16.512775213735114 5.676331130431673 -0.23367030727869983
30.0 40 0.707946 -6.50584563276129 -2.2351353972323973 -16.861307835998097 4.502599040352905 -0.026576590642822015
30.0 50 0.707946 -9.126785271380083 -1.8377330235665958 -15.182450620498487 2.7064922953925503 0.31877216481057297
30.0 60 0.707946 -9.707964934446878 -1.7298319619226612 -14.706188079364678 2.157527445795715 0.5131893388899459
30.0 70 1.0 -10.119195079502697 -1.7689467082929962 -14.588869748786964 2.2942951686291897 0.43780864619680737
30.0 80 1.0 -10.892121291593012 -1.4566637312196966 -12.693693603953584 1.436981028871563 0.7314310424615135
30.0 90 1.0 -11.114013082604089 -1.4052080379134406 -12.19379590078911 1.3566305759655028 0.7745906804485351
30.0 100 1.0 -11.235437361368351 -1.3770324648930108 -11.854963723802788 1.273013302250532 0.8367462941713251
30.0 110 1.0 -12.150572904247946 -1.3325105132933588 -11.13759050593993 1.1826163731958528 0.938894261608262
30.0 120 1.0 -12.947635581829557 -1.3422584112011895 -10.834543498720667 1.197738209270289 0.9522324765113667
30.0 130 1.0 -12.130763087612802 -1.3130740036221407 -10.853774338417542 1.1503218639838717 0.9382380416872989
30.0 140 1.0 -11.921418073078925 -1.2948588748900807 -10.750857189990196 1.1273442289684172 0.9317760616866458
30.0 150 1.0 -12.171683585960793 -1.2644542093832682 -10.39793196100764 1.090025404125838 0.9582641768224075
30.0 160 1.0 -13.088066085273248 -1.3289535622226236 -10.479401813063594 1.1711080185566343 0.9420879364379543
30.0 170 1.0 -13.929875075828935 -1.3484712289820169 -10.305895110136808 1.194310924217158 0.9622811183885613
30.0 180 1.0 -13.707303182164072 -1.3364006195384261 -10.28657445662636 1.173379075031469 0.968666560804549
40.0 0 1e-100 -100.0 0.0 -100.0 1.0 0.0
40.0 10 1e-100 -100.0 0.0 -100.0 1.0 0.0
40.0 20 0.251189 -4.617166372354559 -2.3113029759850376 -17.998850790188566 7.787904080972068 -0.5375657254807918
40.0 30 0.501187 -6.36502903186062 -2.1258329887482037 -16.567899089591492 4.559840823842963 -0.0689278412163261
40.0 40 0.707946 -8.654327457741106 -1.8992900130917312 -15.727950019335747 2.8194704715869343 0.2813335621189398
40.0 50 0.707946 -9.698284146651948 -1.7011057806494576 -14.726401646341383 2.008551782526613 0.5933228442769651
40.0 60 1.0 -9.325686953279652 -1.7671387431940329 -14.821456702375558 2.2241117607040963 0.43103356325572206
40.0 70 1.0 -10.595457174963636 -1.3917198561873667 -12.50797888161877 1.3258321897078897 0.7715952755328527
40.0 80 1.0 -12.077916622608582 -1.4274465623278958 -12.06649031335593 1.3623639099797067 0.8222083251348191
40.0 90 1.0 -11.595519427646781 -1.331623745060859 -11.467188185047066 1.1943379639043377 0.8988326764457545
40.0 100 1.0 -12.517485054977147 -1.3338422263281544 -11.020896134911602 1.1809751094802017 0.941708950329545
40.0 110 1.0 -12.485991907374347 -1.2753639911321237 -10.506423413616774 1.0930816776034773 0.9852922720864673
40.0 120 1.0 -12.016290063993655 -1.266926466981157 -10.544079580354364 1.079323055254461 0.9581255118363728
40.0 130 1.0 -12.675886056205787 -1.2405793223032495 -10.013427209950102 1.0440627250273806 1.0022802305294265
40.0 140 1.0 -14.021471528198775 -1.317876952018947 -10.02775310843193 1.1499279496154184 0.9732999030119877
40.0 150 1.0 -13.528794352762333 -1.2869910401931641 -9.92929640068356 1.1027069192062051 0.9822794199379802
40.0 160 1.0 -13.9236731386529 -1.3097942958015842 -9.927802367001023 1.1318220265444103 0.9751970949501265
40.0 170 1.0 -13.537179729410017 -1.2764979672332308 -9.798360752468525 1.0897614253251233 0.9845727212394171
40.0 180 1.0 -12.564013167366207 -1.2580479349316611 -10.04272496989526 1.0744843723688395 0.9451869348528389
100.0 0 1e-100 -100.0 0.0 -100.0 1.0 0.0
100.0 10 1e-100 -100.0 0.0 -100.0 1.0 0.0
100.0 20 0.501187 -6.627415715744018 -2.1013671632500754 -17.136727594501515 4.145243466986227 0.009325911587795457
100.0 30 0.707946 -9.559272362233173 -1.720482562065845 -15.26336533056481 2.0886768600121184 0.552058415836052
100.0 40 1.0 -10.712715171763977 -1.4955306012238678 -13.518864998792886 1.5131222459204272 0.6932501008299553
100.0 50 1.0 -12.076804492001248 -1.4429047909522181 -12.497862822877803 1.3771229815550037 0.8126007298325395
100.0 60 1.0 -11.541200497219187 -1.2649201131038619 -11.2671215258136 1.0830952519281072 0.9565602481188843
100.0 70 1.0 -11.878165054612934 -1.2265485937294316 -10.646543130053665 1.0346969278882978 0.9659889047622128
100.0 80 1.0 -13.367536403079969 -1.2662089499581846 -10.153746271164913 1.0730282970630165 0.9875456000475572
100.0 90 1.0 -13.228871024957144 -1.266130757514995 -10.073015347628033 1.083347557267236 0.9470136522555129
100.0 100 1.0 -13.85985555869243 -1.273355225644816 -9.759514118068696 1.0817603786209167 0.9645008054398417
100.0 110 1.0 -15.184809951861592 -1.2248690920884229 -8.698381848792506 1.0003757597685126 1.078208297153322
100.0 120 1.0 -15.012822494459966 -1.2217401565170056 -8.663232799571258 1.0000527988872028 1.0554680608756222
100.0 130 1.0 -15.89458216865378 -1.229021606394411 -8.2885607268476 1.000530366485035 1.0860571205566125
100.0 140 1.0 -17.370998814546365 -1.2396113829645166 -7.72035617443341 1.00065252212878 1.143452576679926
100.0 150 1.0 -18.250374417045172 -1.2488221877798256 -7.4133608225186025 1.00062059012481 1.1787722847990774
100.0 160 1.0 -19.37264886302128 -1.2554546243778526 -6.999217606094767 1.0000955548329675 1.219858051238592
100.0 170 1.0 -18.160181484878333 -1.2458395717890993 -7.375897071952245 1.0006524098594685 1.1655176406482293
100.0 180 1.0 -18.176614821116058 -1.2443705309847057 -7.347409418049955 1.0005793261806932 1.1625891404390751
