#eta_eta0 | theta | x_cut | A0 | A1 | A2 | A3 | A4 | F = 10^( A0*X**(A1 + log_10(X)) ), X = -A3*(log_10(x)-A4)
1.1 0 1e-100 -100.0 0.0 -100.0 1.0 0.0
1.1 10 1e-100 -100.0 0.0 -100.0 1.0 0.0
1.1 20 1e-100 -100.0 0.0 -100.0 1.0 0.0
1.1 30 1e-100 -100.0 0.0 -100.0 1.0 0.0
1.1 40 1e-100 -100.0 0.0 -100.0 1.0 0.0
1.1 50 1e-100 -100.0 0.0 -100.0 1.0 0.0
1.1 60 1e-100 -100.0 0.0 -100.0 1.0 0.0
1.1 70 1e-100 -100.0 0.0 -100.0 1.0 0.0
1.1 80 1e-100 -100.0 0.0 -100.0 1.0 0.0
1.1 90 1e-100 -100.0 0.0 -100.0 1.0 0.0
1.1 100 1e-100 -100.0 0.0 -100.0 1.0 0.0
1.1 110 1e-100 -100.0 0.0 -100.0 1.0 0.0
1.1 120 1e-100 -100.0 0.0 -100.0 1.0 0.0
1.1 130 1e-100 -100.0 0.0 -100.0 1.0 0.0
1.1 140 1e-100 -100.0 0.0 -100.0 1.0 0.0
1.1 150 1e-100 -100.0 0.0 -100.0 1.0 0.0
1.1 160 0.125893 -6.707796342696061 -2.3457849028357605 -16.542717772113654 9.642581053972183 -1.0086098197795466
1.1 170 0.125893 -6.147889111896734 -2.3857056734247735 -16.31419259104793 10.469798509307406 -1.0125106729132771
1.1 180 0.125893 -6.247360064754878 -2.4459592535441983 -16.283894926449175 10.716635839677968 -1.012552926867556
1.2 0 1e-100 -100.0 0.0 -100.0 1.0 0.0
1.2 10 1e-100 -100.0 0.0 -100.0 1.0 0.0
1.2 20 1e-100 -100.0 0.0 -100.0 1.0 0.0
1.2 30 1e-100 -100.0 0.0 -100.0 1.0 0.0
1.2 40 1e-100 -100.0 0.0 -100.0 1.0 0.0
1.2 50 1e-100 -100.0 0.0 -100.0 1.0 0.0
1.2 60 1e-100 -100.0 0.0 -100.0 1.0 0.0
1.2 70 1e-100 -100.0 0.0 -100.0 1.0 0.0
1.2 80 1e-100 -100.0 0.0 -100.0 1.0 0.0
1.2 90 1e-100 -100.0 0.0 -100.0 1.0 0.0
1.2 100 1e-100 -100.0 0.0 -100.0 1.0 0.0
1.2 110 1e-100 -100.0 0.0 -100.0 1.0 0.0
1.2 120 1e-100 -100.0 0.0 -100.0 1.0 0.0
1.2 130 1e-100 -100.0 0.0 -100.0 1.0 0.0
1.2 140 0.125893 -3.9150487079475376 -2.063389045030592 -16.648159570873858 7.13090217057769 -1.0071692219576394
1.2 150 0.125893 -6.151840590630851 -2.4260483924003617 -16.186965526275717 11.256538760512711 -1.0147311769865737
1.2 160 0.125893 -5.89046717696407 -2.4691431106920194 -16.029256307954522 11.836383713916668 -1.0165151054772301
1.2 170 0.125893 -5.790126627278728 -2.52475073850569 -15.977088604021064 12.001890703852537 -1.0166407654551
1.2 180 0.125893 -6.333775533975378 -2.318649039173433 -15.799877661356438 8.799487768540036 -0.9190972893585313
1.3 0 1e-100 -100.0 0.0 -100.0 1.0 0.0
1.3 10 1e-100 -100.0 0.0 -100.0 1.0 0.0
1.3 20 1e-100 -100.0 0.0 -100.0 1.0 0.0
1.3 30 1e-100 -100.0 0.0 -100.0 1.0 0.0
1.3 40 1e-100 -100.0 0.0 -100.0 1.0 0.0
1.3 50 1e-100 -100.0 0.0 -100.0 1.0 0.0
1.3 60 1e-100 -100.0 0.0 -100.0 1.0 0.0
1.3 70 1e-100 -100.0 0.0 -100.0 1.0 0.0
1.3 80 1e-100 -100.0 0.0 -100.0 1.0 0.0
1.3 90 1e-100 -100.0 0.0 -100.0 1.0 0.0
1.3 100 1e-100 -100.0 0.0 -100.0 1.0 0.0
1.3 110 1e-100 -100.0 0.0 -100.0 1.0 0.0
1.3 120 1e-100 -100.0 0.0 -100.0 1.0 0.0
1.3 130 0.125893 -6.6727158334196455 -2.359430932890339 -16.61213688516526 9.670338510809978 -1.0086222687966844
1.3 140 0.125893 -6.008262256982932 -2.543281300971492 -16.15912145324733 11.462060661255556 -1.0144762495624575
1.3 150 0.125893 -5.889790196100035 -2.288340143786798 -15.79710582308368 7.952497394433949 -0.8928494181155228
1.3 160 0.125893 -6.121681233191844 -2.2284298948537855 -15.637115725090696 7.373177965163882 -0.8478178516926751
1.3 170 0.125893 -6.057274409193757 -2.1810188861730544 -15.541813393529418 6.949967917504097 -0.8250661681752625
1.3 180 0.125893 -5.774201995075097 -2.210114981507816 -15.57166629055032 6.719269578923751 -0.8189639068841755
1.4 0 1e-100 -100.0 0.0 -100.0 1.0 0.0
1.4 10 1e-100 -100.0 0.0 -100.0 1.0 0.0
1.4 20 1e-100 -100.0 0.0 -100.0 1.0 0.0
1.4 30 1e-100 -100.0 0.0 -100.0 1.0 0.0
1.4 40 1e-100 -100.0 0.0 -100.0 1.0 0.0
1.4 50 1e-100 -100.0 0.0 -100.0 1.0 0.0
1.4 60 1e-100 -100.0 0.0 -100.0 1.0 0.0
1.4 70 1e-100 -100.0 0.0 -100.0 1.0 0.0
1.4 80 1e-100 -100.0 0.0 -100.0 1.0 0.0
1.4 90 1e-100 -100.0 0.0 -100.0 1.0 0.0
1.4 100 1e-100 -100.0 0.0 -100.0 1.0 0.0
1.4 110 1e-100 -100.0 0.0 -100.0 1.0 0.0
1.4 120 0.125893 -7.301053682460014 -2.191646815320696 -16.823757351628487 8.284624359794892 -1.0026771245829278
1.4 130 0.125893 -5.726367418147589 -2.4572766281610927 -16.147232707582482 11.46161116621415 -1.015818423337943
1.4 140 0.125893 -6.547729653420162 -2.2321484816533217 -15.691584926597285 7.862223401196419 -0.86661474473281
1.4 150 0.125893 -5.949908671608138 -2.1859795455326108 -15.563716745964339 6.816865866880628 -0.8171655004886105
1.4 160 0.125893 -6.123081449823365 -2.146525931779975 -15.439888598748615 6.399768713652986 -0.7827353450108271
1.4 170 0.125893 -6.424122439828864 -2.1015966734885008 -15.331019475114564 6.272846299701462 -0.7628134628305527
1.4 180 0.125893 -6.091435061024327 -2.147681590014809 -15.39688530309928 6.184947694483307 -0.764565180109991
1.5 0 1e-100 -100.0 0.0 -100.0 1.0 0.0
1.5 10 1e-100 -100.0 0.0 -100.0 1.0 0.0
1.5 20 1e-100 -100.0 0.0 -100.0 1.0 0.0
1.5 30 1e-100 -100.0 0.0 -100.0 1.0 0.0
1.5 40 1e-100 -100.0 0.0 -100.0 1.0 0.0
1.5 50 1e-100 -100.0 0.0 -100.0 1.0 0.0
1.5 60 1e-100 -100.0 0.0 -100.0 1.0 0.0
1.5 70 1e-100 -100.0 0.0 -100.0 1.0 0.0
1.5 80 1e-100 -100.0 0.0 -100.0 1.0 0.0
1.5 90 1e-100 -100.0 0.0 -100.0 1.0 0.0
1.5 100 1e-100 -100.0 0.0 -100.0 1.0 0.0
1.5 110 1e-100 -100.0 0.0 -100.0 1.0 0.0
1.5 120 0.125893 -5.844612017150642 -2.467810007764196 -16.28860689602413 11.005293480636539 -1.0140519025804429
1.5 130 0.125893 -6.450903611924869 -2.2534341231130792 -15.75947039961625 7.922950243381599 -0.871511422737894
1.5 140 0.125893 -5.708265478179916 -2.2102389189343294 -15.606427244923744 6.579438575620656 -0.8074565035170527
1.5 150 0.125893 -6.078936646566361 -2.149964444894183 -15.431158450158343 6.174060078397862 -0.7638338604608249
1.5 160 0.125893 -6.508782691926146 -2.0890044682537763 -15.265508847045124 5.835334931466584 -0.725324562426007
1.5 170 0.125893 -6.238369057909891 -2.12219831933658 -15.2975049899402 5.671189409439713 -0.7158281102996216
1.5 180 0.125893 -5.78319948820689 -2.1865612393021765 -15.38303676851863 5.5231737488869594 -0.7184104186555879
1.6 0 1e-100 -100.0 0.0 -100.0 1.0 0.0
1.6 10 1e-100 -100.0 0.0 -100.0 1.0 0.0
1.6 20 1e-100 -100.0 0.0 -100.0 1.0 0.0
1.6 30 1e-100 -100.0 0.0 -100.0 1.0 0.0
1.6 40 1e-100 -100.0 0.0 -100.0 1.0 0.0
1.6 50 1e-100 -100.0 0.0 -100.0 1.0 0.0
1.6 60 1e-100 -100.0 0.0 -100.0 1.0 0.0
1.6 70 1e-100 -100.0 0.0 -100.0 1.0 0.0
1.6 80 1e-100 -100.0 0.0 -100.0 1.0 0.0
1.6 90 1e-100 -100.0 0.0 -100.0 1.0 0.0
1.6 100 1e-100 -100.0 0.0 -100.0 1.0 0.0
1.6 110 0.125893 -6.45849947406448 -2.342756810384736 -16.618168578628378 9.92182108763729 -1.0102797448236698
1.6 120 0.125893 -6.4417240391526915 -2.29229873971183 -15.897620622908986 8.832476326206516 -0.917360723787934
1.6 130 0.125893 -5.757188199211983 -2.2071666338251594 -15.640792287552898 6.628202875371078 -0.8114320500903297
1.6 140 0.125893 -6.188849215855624 -2.135232311098206 -15.419983328930751 6.11060068352422 -0.7556101142975369
1.6 150 0.125893 -6.459594608228365 -2.0921182794755406 -15.263771373331426 5.586555569074163 -0.7037866147574121
1.6 160 0.125893 -6.383082330710434 -2.1036771166993944 -15.232784034407423 5.387462181010875 -0.683045785191602
1.6 170 0.125893 -6.208883973045823 -2.1299364689935087 -15.241404509944054 5.203185338768648 -0.6698072829641681
1.6 180 0.177828 -6.601444803587067 -2.1560393675710685 -15.242019887863316 6.01209030053876 -0.7143046777694501
1.7 0 1e-100 -100.0 0.0 -100.0 1.0 0.0
1.7 10 1e-100 -100.0 0.0 -100.0 1.0 0.0
1.7 20 1e-100 -100.0 0.0 -100.0 1.0 0.0
1.7 30 1e-100 -100.0 0.0 -100.0 1.0 0.0
1.7 40 1e-100 -100.0 0.0 -100.0 1.0 0.0
1.7 50 1e-100 -100.0 0.0 -100.0 1.0 0.0
1.7 60 1e-100 -100.0 0.0 -100.0 1.0 0.0
1.7 70 1e-100 -100.0 0.0 -100.0 1.0 0.0
1.7 80 1e-100 -100.0 0.0 -100.0 1.0 0.0
1.7 90 1e-100 -100.0 0.0 -100.0 1.0 0.0
1.7 100 1e-100 -100.0 0.0 -100.0 1.0 0.0
1.7 110 0.125893 -5.872351497470667 -2.4779380234101236 -16.274290146727996 11.338838597505548 -1.0149606567481464
1.7 120 0.125893 -6.130159513433966 -2.1778471677355937 -15.675781162698954 7.139379779617247 -0.8345984469638099
1.7 130 0.125893 -5.983279115825789 -2.1620111669928765 -15.508799290599024 6.202201925794411 -0.7685730684623064
1.7 140 0.125893 -6.108586309261772 -2.1395162124092026 -15.364403197250313 5.52975401248445 -0.7088077151586145
1.7 150 0.125893 -6.573333398255461 -2.0771534968951006 -15.17621898089944 5.208219484890293 -0.6598927212709611
1.7 160 0.177828 -6.630533470618795 -2.0843540020158233 -15.12809526133862 5.262122342950806 -0.6553691356768095
1.7 170 0.177828 -6.575255874916319 -2.1021804585033075 -15.117753537239164 4.9906245216286615 -0.6293709055502565
1.7 180 0.177828 -6.7878607494344845 -2.075865331548314 -15.052424478400408 4.929961670860585 -0.6162792414025292
1.8 0 1e-100 -100.0 0.0 -100.0 1.0 0.0
1.8 10 1e-100 -100.0 0.0 -100.0 1.0 0.0
1.8 20 1e-100 -100.0 0.0 -100.0 1.0 0.0
1.8 30 1e-100 -100.0 0.0 -100.0 1.0 0.0
1.8 40 1e-100 -100.0 0.0 -100.0 1.0 0.0
1.8 50 1e-100 -100.0 0.0 -100.0 1.0 0.0
1.8 60 1e-100 -100.0 0.0 -100.0 1.0 0.0
1.8 70 1e-100 -100.0 0.0 -100.0 1.0 0.0
1.8 80 1e-100 -100.0 0.0 -100.0 1.0 0.0
1.8 90 1e-100 -100.0 0.0 -100.0 1.0 0.0
1.8 100 0.125893 -7.0800318964822635 -2.259905561580061 -16.855191023117158 9.055063198034416 -1.0062274655809218
1.8 110 0.125893 -6.027086720114178 -2.2926103360214336 -15.950917569851153 8.257091706002528 -0.9024335163234986
1.8 120 0.125893 -5.684421065933088 -2.207703042485719 -15.650037153144693 6.336805669114286 -0.7915686373269696
1.8 130 0.125893 -6.409361994424728 -2.1009127874386744 -15.344561911869967 5.675188785153983 -0.7137326185890139
1.8 140 0.125893 -6.350915316597636 -2.110540056126669 -15.257720560766998 5.225435684059701 -0.6676319377387123
1.8 150 0.177828 -6.716907615275371 -2.0840158313879815 -15.114000140389606 5.035811373337245 -0.6302804766919687
1.8 160 0.177828 -7.010891445532236 -2.048780499614079 -14.97550066543963 4.760978913409519 -0.5901122297336501
1.8 170 0.177828 -7.209790358268103 -2.0224399683466787 -14.880265111190205 4.650330585049955 -0.5692868510239895
1.8 180 0.177828 -6.898579514012993 -2.064203887579771 -14.959665295816764 4.588425644704978 -0.5685458469459957
1.9 0 1e-100 -100.0 0.0 -100.0 1.0 0.0
1.9 10 1e-100 -100.0 0.0 -100.0 1.0 0.0
1.9 20 1e-100 -100.0 0.0 -100.0 1.0 0.0
1.9 30 1e-100 -100.0 0.0 -100.0 1.0 0.0
1.9 40 1e-100 -100.0 0.0 -100.0 1.0 0.0
1.9 50 1e-100 -100.0 0.0 -100.0 1.0 0.0
1.9 60 1e-100 -100.0 0.0 -100.0 1.0 0.0
1.9 70 1e-100 -100.0 0.0 -100.0 1.0 0.0
1.9 80 1e-100 -100.0 0.0 -100.0 1.0 0.0
1.9 90 1e-100 -100.0 0.0 -100.0 1.0 0.0
1.9 100 0.125893 -6.195488537619351 -2.4010705797369343 -16.39583333767935 11.243612353112118 -1.014839136088406
1.9 110 0.125893 -5.883893606420837 -2.211580183219962 -15.77299392645399 7.092432893645987 -0.838640709001256
1.9 120 0.125893 -6.226109195105581 -2.1266794382288876 -15.467479583912024 5.98051620964635 -0.7452192193610114
1.9 130 0.125893 -6.323023120313133 -2.114785005315303 -15.313247506060137 5.281323383911226 -0.6768643489123894
1.9 140 0.177828 -6.840088271210024 -2.0644477912150783 -15.103294080081954 5.134521404783974 -0.6364322292304957
1.9 150 0.177828 -6.992907026678621 -2.0526474064168148 -14.980244061940418 4.633356856666765 -0.5744319631675142
1.9 160 0.177828 -6.866503949407026 -2.072564080418039 -14.961728442998933 4.465254528696762 -0.5514896520477987
1.9 170 0.177828 -6.8662907319806745 -2.0755764009548914 -14.929732204008795 4.3145258783601275 -0.5294823009846057
1.9 180 0.177828 -7.231338879403408 -2.0246896457346795 -14.814499136797615 4.342858511749578 -0.5203112318279677
2.0 0 1e-100 -100.0 0.0 -100.0 1.0 0.0
2.0 10 1e-100 -100.0 0.0 -100.0 1.0 0.0
2.0 20 1e-100 -100.0 0.0 -100.0 1.0 0.0
2.0 30 1e-100 -100.0 0.0 -100.0 1.0 0.0
2.0 40 1e-100 -100.0 0.0 -100.0 1.0 0.0
2.0 50 1e-100 -100.0 0.0 -100.0 1.0 0.0
2.0 60 1e-100 -100.0 0.0 -100.0 1.0 0.0
2.0 70 1e-100 -100.0 0.0 -100.0 1.0 0.0
2.0 80 1e-100 -100.0 0.0 -100.0 1.0 0.0
2.0 90 1e-100 -100.0 0.0 -100.0 1.0 0.0
2.0 100 0.125893 -5.442234028410683 -2.419524243304045 -16.208111979698796 11.722449901083417 -1.0174485335572605
2.0 110 0.125893 -5.619511172825079 -2.2166581544885524 -15.71707649946404 6.379627371447934 -0.7972398263335214
2.0 120 0.125893 -6.241411151200912 -2.125135185357153 -15.413814207317651 5.627468930655498 -0.7111164368358944
2.0 130 0.177828 -6.311712442779296 -2.124358055093688 -15.279974909831436 5.21464386546839 -0.6609748715168359
2.0 140 0.177828 -7.130193356032631 -2.031750819939278 -14.968668268976513 4.7329980376806935 -0.5809682743806461
2.0 150 0.177828 -7.411868488279936 -1.9968132710241357 -14.7980299139411 4.432652456109581 -0.5312247275165872
2.0 160 0.177828 -7.278107911884358 -2.018200760454573 -14.793678004279336 4.285252166350548 -0.5087444567268423
2.0 170 0.177828 -7.134589471372757 -2.0402487937572493 -14.817064038579407 4.209394210273291 -0.49752637031765373
2.0 180 0.177828 -7.49279598575572 -1.9861791228829482 -14.68307636427849 4.144811515993187 -0.47891749771021436
3.0 0 1e-100 -100.0 0.0 -100.0 1.0 0.0
3.0 10 1e-100 -100.0 0.0 -100.0 1.0 0.0
3.0 20 1e-100 -100.0 0.0 -100.0 1.0 0.0
3.0 30 1e-100 -100.0 0.0 -100.0 1.0 0.0
3.0 40 1e-100 -100.0 0.0 -100.0 1.0 0.0
3.0 50 1e-100 -100.0 0.0 -100.0 1.0 0.0
3.0 60 1e-100 -100.0 0.0 -100.0 1.0 0.0
3.0 70 1e-100 -100.0 0.0 -100.0 1.0 0.0
3.0 80 0.125893 -6.2192945294344275 -2.247907381413065 -16.050999292700862 7.662021353643349 -0.8647633487395283
3.0 90 0.125893 -6.651396352849999 -2.063618773403853 -15.47661037833532 5.556442641474036 -0.6956530652914213
3.0 100 0.177828 -7.059140597635209 -2.042882419381422 -15.171263872113975 4.722331099922962 -0.5832907936900328
3.0 110 0.177828 -7.409362279736644 -1.99854737290898 -14.888145233216738 4.170598781370344 -0.4808447233984238
3.0 120 0.177828 -7.392008966371531 -2.0028672633312117 -14.858650532043681 3.901413302348638 -0.4120185177978102
3.0 130 0.177828 -7.807028643798592 -1.9384859694906347 -14.770799571643755 3.528358611936817 -0.3194872379477945
3.0 140 0.251189 -8.52775695011083 -2.1485255346942784 -15.14345004529751 4.420365124325751 -0.4253080969826
3.0 150 0.251189 -9.056077343773465 -2.071272766697567 -14.930943898055526 3.7951998920101966 -0.33939668655122657
3.0 160 0.251189 -9.414659406716089 -1.9533777744828755 -14.600198028718337 3.4237822438544994 -0.2784032955423745
3.0 170 0.251189 -9.674360610178793 -1.9142782298163363 -14.441227855140836 3.227696732295095 -0.23870556383949226
3.0 180 0.251189 -9.722759302239838 -1.906718853245648 -14.409317081467973 3.198842897690678 -0.23236698637902986
4.0 0 1e-100 -100.0 0.0 -100.0 1.0 0.0
4.0 10 1e-100 -100.0 0.0 -100.0 1.0 0.0
4.0 20 1e-100 -100.0 0.0 -100.0 1.0 0.0
4.0 30 1e-100 -100.0 0.0 -100.0 1.0 0.0
4.0 40 1e-100 -100.0 0.0 -100.0 1.0 0.0
4.0 50 1e-100 -100.0 0.0 -100.0 1.0 0.0
4.0 60 1e-100 -100.0 0.0 -100.0 1.0 0.0
4.0 70 0.125893 -5.890954652511445 -2.1813126554991173 -16.00411676817862 6.687276688759616 -0.8106927553840302
4.0 80 0.177828 -6.719971420259542 -2.0791720460459984 -15.47910388067266 5.21706983342377 -0.6492353536621186
4.0 90 0.177828 -7.114782267227221 -2.042458620172329 -15.116586830957829 4.182205355107191 -0.4924577450520487
4.0 100 0.177828 -7.586465284848335 -1.9687189144366546 -14.93451360978944 3.7704502798212216 -0.37599980341014927
4.0 110 0.251189 -8.772861197114462 -2.106687904489657 -15.189893376741217 4.287684926325702 -0.40301838273613566
4.0 120 0.354813 -11.757524702002423 -2.04049939148345 -14.665357281520416 3.6310836591370776 -0.24773004527362344
4.0 130 0.354813 -12.588620575712874 -1.9918501588920867 -14.385617492274612 3.438073265408216 -0.19050014824693115
4.0 140 0.354813 -11.009824834449628 -1.9789885976772015 -14.446119320923968 3.2070521035305326 -0.17088879232535703
4.0 150 0.354813 -10.36643340513838 -1.8084717922386764 -13.879999556017722 2.633197430071167 -0.07078596587663247
4.0 160 0.354813 -10.265404288656896 -1.8400951502280418 -13.958887102326926 2.7579559796351156 -0.09830922517126474
4.0 170 0.354813 -10.17275727080139 -1.8574623671741484 -13.99420057512977 2.7440096811760286 -0.09089568796002094
4.0 180 0.354813 -10.177961864577979 -1.8669012343527238 -14.016981155409583 2.7939599290303376 -0.10058055383956935
5.0 0 1e-100 -100.0 0.0 -100.0 1.0 0.0
5.0 10 1e-100 -100.0 0.0 -100.0 1.0 0.0
5.0 20 1e-100 -100.0 0.0 -100.0 1.0 0.0
5.0 30 1e-100 -100.0 0.0 -100.0 1.0 0.0
5.0 40 1e-100 -100.0 0.0 -100.0 1.0 0.0
5.0 50 1e-100 -100.0 0.0 -100.0 1.0 0.0
5.0 60 0.125893 -6.125032420883009 -2.1954766409291593 -16.207112939884514 7.430282986484936 -0.8539068664743357
5.0 70 0.177828 -6.665552049897426 -2.0850663258082327 -15.598407193297522 5.259634393250259 -0.654855992161281
5.0 80 0.177828 -7.515429491439907 -1.9815286364974862 -15.048448511126985 4.08716742251104 -0.46013992200593756
5.0 90 0.251189 -7.2107346086470265 -2.3347255340767656 -15.620682734965017 5.044373048851022 -0.5263619875524914
5.0 100 0.251189 -9.916275341350335 -1.9451547024024913 -14.735054946566924 3.4200181345779828 -0.26453233673170534
5.0 110 0.354813 -12.660423034885948 -1.9823296685083014 -14.432940999666371 3.3883249945897855 -0.17750558689834134
5.0 120 0.354813 -10.303192593539457 -1.8121617946282795 -13.999339625167673 2.7016073102123404 -0.09130666995628374
5.0 130 0.354813 -9.928606900975485 -1.859328969929439 -14.09647569375201 2.7807395210706605 -0.10343834721690585
5.0 140 0.354813 -9.589922742831833 -1.9115939913418318 -14.22794802247825 2.8379749285440257 -0.11494130865910934
5.0 150 0.501187 -10.198805602073458 -1.677440627176289 -13.29046504935661 2.2352811371439674 0.04150995739457718
5.0 160 0.501187 -10.369565993913685 -1.6531492375050938 -13.110036345245364 2.1345856145944495 0.08380733494504146
5.0 170 0.501187 -9.981962279239445 -1.7168151162238439 -13.421833151252685 2.3079826405440627 0.026504958582360433
5.0 180 0.501187 -11.863251071238968 -1.7142862377799404 -13.051476936324796 2.282030056288539 0.10348568972092242
6.0 0 1e-100 -100.0 0.0 -100.0 1.0 0.0
6.0 10 1e-100 -100.0 0.0 -100.0 1.0 0.0
6.0 20 1e-100 -100.0 0.0 -100.0 1.0 0.0
6.0 30 1e-100 -100.0 0.0 -100.0 1.0 0.0
6.0 40 1e-100 -100.0 0.0 -100.0 1.0 0.0
6.0 50 0.125893 -6.271222586365471 -2.326123990977965 -17.215542151845607 9.735491887788418 -1.010002929491024
6.0 60 0.125893 -6.1245957239509465 -2.135651458548553 -15.91090511364104 5.606368302626294 -0.7138097260983122
6.0 70 0.177828 -7.530694906725718 -1.982504037937455 -15.166655012245338 4.220285684925457 -0.4893641308577594
6.0 80 0.251189 -7.227574713902334 -2.3221447007178138 -15.6850697855095 5.205612205754502 -0.5381409179593146
6.0 90 0.354813 -11.916210425558885 -2.051681851062441 -14.854342198246748 3.6512585329326703 -0.24737095638029039
6.0 100 0.354813 -10.152197182986995 -1.9051368930574895 -14.528765683507284 3.0371524213274537 -0.16584097522185054
6.0 110 0.354813 -9.73950735849886 -1.852831853497427 -14.20556985326847 2.748484942304111 -0.10379129621551121
6.0 120 0.354813 -9.398080132040578 -1.8954826445098587 -14.276410875180858 2.8242226404237782 -0.11606957842696354
6.0 130 0.501187 -10.238245945186305 -1.6550942311395591 -13.218527078110261 2.1965401340660438 0.06050212533524186
6.0 140 0.501187 -9.985143976580414 -1.7307806626606843 -13.540579681215219 2.3199637880935486 0.0441334113365785
6.0 150 0.501187 -9.891006293945468 -1.777913609682361 -13.737329756178449 2.31122498269352 0.06330693293522925
6.0 160 0.501187 -9.950308582750358 -1.7801459606853651 -13.744716736092998 2.2983386845163642 0.07470017332827614
6.0 170 0.501187 -11.772559355211085 -1.826833614914909 -13.60867477013869 2.360297751486332 0.12816567286766106
6.0 180 0.501187 -9.828836136781469 -1.8298142312228436 -13.907142864049892 2.329949382890208 0.072083625133672
7.0 0 1e-100 -100.0 0.0 -100.0 1.0 0.0
7.0 10 1e-100 -100.0 0.0 -100.0 1.0 0.0
7.0 20 1e-100 -100.0 0.0 -100.0 1.0 0.0
7.0 30 1e-100 -100.0 0.0 -100.0 1.0 0.0
7.0 40 1e-100 -100.0 0.0 -100.0 1.0 0.0
7.0 50 0.125893 -5.981276817097296 -2.208526092017168 -16.37418254560709 7.361127862526476 -0.8546205821817668
7.0 60 0.177828 -6.8833614070212725 -2.0661335916061936 -15.596659972605265 4.727602672756683 -0.5893032409929128
7.0 70 0.177828 -7.664026227280331 -1.9512559171627704 -15.119327168486912 3.773283679507125 -0.3789078415639904
7.0 80 0.251189 -9.588188915648287 -1.9895097897181468 -15.037556012055829 3.504777988959611 -0.284516864243889
7.0 90 0.354813 -9.928083890344334 -1.8895729750467605 -14.587773028724758 2.9767059873898454 -0.16184977739624964
7.0 100 0.354813 -9.629966238660385 -1.8556157439470922 -14.275807695828961 2.774704259157487 -0.11167996239526444
7.0 110 0.501187 -10.427302200307158 -1.694536775260823 -13.453774737460483 2.2825968800599687 0.03838270962957811
7.0 120 0.501187 -10.06214216101458 -1.7530110661956049 -13.675408053232397 2.402992830093728 0.025125257629865932
7.0 130 0.501187 -9.788853312274451 -1.7877657883155949 -13.859756945771576 2.2897109023569757 0.07092887410586916
7.0 140 0.501187 -12.029180851276829 -1.8650688095672663 -13.760734710262131 2.435686054585824 0.12300726998347904
7.0 150 0.501187 -9.646905891452766 -1.7304102870819673 -13.627554344440124 2.081120152760203 0.16931552923677276
7.0 160 0.501187 -11.345133506491546 -1.7536452758318182 -13.372942920135628 2.065327372501923 0.26023243092742976
7.0 170 0.501187 -11.23543900193038 -1.7064797920901609 -13.184056605034947 1.9429033487740288 0.30868190946377955
7.0 180 0.501187 -9.510394684518447 -1.5892685931552015 -13.060840208419764 1.7081530428974014 0.3293400841714311
8.0 0 1e-100 -100.0 0.0 -100.0 1.0 0.0
8.0 10 1e-100 -100.0 0.0 -100.0 1.0 0.0
8.0 20 1e-100 -100.0 0.0 -100.0 1.0 0.0
8.0 30 1e-100 -100.0 0.0 -100.0 1.0 0.0
8.0 40 1e-100 -100.0 0.0 -100.0 1.0 0.0
8.0 50 0.125893 -5.828242473037765 -2.1742537737374157 -16.1650346401565 5.879717763610696 -0.7496668824546978
8.0 60 0.177828 -7.334316129887607 -2.0122365671289306 -15.34623144168139 4.1771146561423915 -0.4869159187669078
8.0 70 0.251189 -9.309530728787731 -2.225926486314101 -15.62857589551487 4.629366445030441 -0.42770219752960503
8.0 80 0.354813 -12.708634239450888 -1.9746599423890965 -14.617056708035298 3.375602629680854 -0.1750457462704487
8.0 90 0.354813 -9.61362880236894 -1.8302726846524873 -14.290172967556375 2.701916113304491 -0.09993087427892021
8.0 100 0.501187 -10.421091603052886 -1.7033210110480874 -13.547749507892226 2.2906524313918317 0.037488770786694006
8.0 110 0.501187 -10.046391514084158 -1.7963151722604591 -13.879447342228003 2.4289188345996955 0.022867970767253085
8.0 120 0.501187 -9.849848367371449 -1.7800917217863281 -13.87671226202027 2.2504357630733742 0.09528666589703383
8.0 130 0.501187 -9.719885990694282 -1.7218467863634805 -13.633694049068794 2.035283732397677 0.19252120972509995
8.0 140 0.501187 -11.269948842973086 -1.667719974334912 -13.068105604555331 1.8854522846340322 0.332846362212776
8.0 150 0.501187 -9.612760847788518 -1.5508077863144782 -12.901706027911306 1.6109789992975654 0.38259555999921024
8.0 160 0.501187 -10.43601930357724 -1.5456440677233736 -12.65957296871742 1.580238130162882 0.4366781095523114
8.0 170 0.707946 -11.544737312517714 -1.8756744391043987 -13.794336983782488 2.200669275836812 0.24552649244659774
8.0 180 0.501187 -10.313270332282261 -1.4683462193780523 -12.305433314652957 1.4256222951303583 0.5124943168074139
9.0 0 1e-100 -100.0 0.0 -100.0 1.0 0.0
9.0 10 1e-100 -100.0 0.0 -100.0 1.0 0.0
9.0 20 1e-100 -100.0 0.0 -100.0 1.0 0.0
9.0 30 1e-100 -100.0 0.0 -100.0 1.0 0.0
9.0 40 0.125893 -7.1395705121365465 -2.1937327602201306 -17.560239186692577 8.661446687495406 -1.004908873158961
9.0 50 0.177828 -5.777149844351498 -2.16859895768839 -16.052547062365758 5.546794228911477 -0.7066978111204067
9.0 60 0.177828 -7.4331997905557765 -1.9932194725011565 -15.313997479396 3.8856359738266377 -0.4096665129883996
9.0 70 0.251189 -10.000773930654335 -1.932579341750485 -14.935585190730372 3.3482809844455637 -0.2503128451372207
9.0 80 0.354813 -9.794278046698928 -1.779155408633453 -14.235220289903127 2.596855030662839 -0.08430417736805329
9.0 90 0.354813 -9.180540403738371 -1.892480842338 -14.473398557452063 2.808053035997659 -0.1188020470377501
9.0 100 0.501187 -10.231240920818557 -1.7711271899213612 -13.819249119640611 2.4395818572347596 0.023335382022699278
9.0 110 0.501187 -9.915565430329394 -1.7653560793848142 -13.858195575990285 2.1927986293538284 0.11652631363423958
9.0 120 0.501187 -11.256054453854912 -1.777468204895955 -13.586690975266395 2.092866238212784 0.2458334039089618
9.0 130 0.501187 -9.468565083055049 -1.5344254117988745 -12.929674117675283 1.5643566886582687 0.4032697934157182
9.0 140 0.501187 -10.261726867413884 -1.4906309438372307 -12.482423277788433 1.4591155473727881 0.493700222648036
9.0 150 0.707946 -15.148990569818594 -1.7519088113805326 -12.740399027599103 1.9461759739861375 0.45745116888650844
9.0 160 0.707946 -14.439614461233212 -1.6324443479525783 -12.189662498526202 1.666717611237281 0.5705348078989553
9.0 170 0.707946 -14.331641598738987 -1.5747893547042962 -11.856615383420946 1.5593515300190572 0.6241763905711118
9.0 180 0.707946 -13.65945994816489 -1.5360550694194925 -11.774698791063344 1.4873795758487123 0.6367421470718689
10.0 0 1e-100 -100.0 0.0 -100.0 1.0 0.0
10.0 10 1e-100 -100.0 0.0 -100.0 1.0 0.0
10.0 20 1e-100 -100.0 0.0 -100.0 1.0 0.0
10.0 30 1e-100 -100.0 0.0 -100.0 1.0 0.0
10.0 40 0.125893 -5.970266542198428 -2.453458476589271 -16.918550240172365 12.074477478604928 -1.017078591105748
10.0 50 0.177828 -7.115289488647996 -2.0325324236791813 -15.649844896118223 4.623863105819937 -0.5684901536919457
10.0 60 0.251189 -7.477777622567168 -2.2989864090391676 -15.883172687168043 5.208100089102653 -0.530034589320686
10.0 70 0.354813 -12.015814451337135 -1.9432414382563732 -14.701721278994063 3.347319290792293 -0.18985927837273373
10.0 80 0.354813 -9.412758247972945 -1.8429688682848195 -14.418557806258919 2.6980940187125744 -0.09964015651002672
10.0 90 0.501187 -10.480279480033357 -1.7006138175254364 -13.564735672756523 2.29125796813291 0.05060235786883765
10.0 100 0.501187 -10.012887527278224 -1.7767781866387515 -13.938772395813904 2.254252005453933 0.09397594947045372
10.0 110 0.501187 -9.759638294609081 -1.6895502858934113 -13.58221706295034 1.9168267627167812 0.2482259246255734
10.0 120 0.501187 -11.782758519960755 -1.6550820446062173 -12.970497679126483 1.8044913541983658 0.3955844539356566
10.0 130 0.707946 -14.438545753590937 -1.827968793589287 -13.286842285754462 2.143194242998483 0.3552592011957997
10.0 140 0.707946 -14.631974521016115 -1.6445302791088778 -12.264149589272018 1.7039659880411173 0.5546498876403634
10.0 150 0.707946 -14.291709380098325 -1.4913079914724008 -11.335951809986797 1.388887237764307 0.7282277944036275
10.0 160 0.707946 -13.060977353150117 -1.398205295118827 -11.045998410070808 1.2294076107082832 0.7888607646652518
10.0 170 0.707946 -13.180570860847844 -1.403894026401905 -11.030347843597841 1.234417601149723 0.7902968644900794
10.0 180 0.707946 -16.619160783466103 -1.5184993547523222 -10.858272075426662 1.405080607222766 0.8193301815088804
20.0 0 1e-100 -100.0 0.0 -100.0 1.0 0.0
20.0 10 1e-100 -100.0 0.0 -100.0 1.0 0.0
20.0 20 1e-100 -100.0 0.0 -100.0 1.0 0.0
20.0 30 0.125893 -5.811079413805848 -2.1716875900897628 -16.664502476963428 6.4392029999833476 -0.7962293267968668
20.0 40 0.177828 -7.577965705743464 -1.976460468707335 -15.641942137158138 3.7681654750144196 -0.3776567981603709
20.0 50 0.354813 -9.315537386218095 -1.8805372208610955 -15.076722706888658 2.92000273357493 -0.16307133357493658
20.0 60 0.501187 -12.679093637423064 -1.8201102842823405 -13.966316171482342 2.6356522140028917 0.026593258919070262
20.0 70 0.501187 -10.14455021198902 -1.7347393887770448 -13.996063042978538 2.0581444831204037 0.20227163113477956
20.0 80 0.707946 -12.563609626322444 -1.807294946463137 -13.784141015825579 2.0715555587915357 0.3242027359665823
20.0 90 0.707946 -14.487770151314562 -1.4061944100118402 -10.924521026470964 1.2365122662963626 0.8473734516625068
20.0 100 0.707946 -17.989496979453527 -1.2862577429435509 -8.372095194481938 1.0013953089906265 1.1128287614576855
20.0 110 0.707946 -18.46368945922937 -1.2892489753778917 -8.134505200303712 1.0003957932740537 1.1268823763906732
20.0 120 0.707946 -16.7263924314119 -1.385294501345385 -9.622420927948722 1.1545444684396364 0.912224467419898
20.0 130 0.707946 -15.661808480081715 -1.2817812570020037 -9.013001438730806 1.0010222066459664 1.0109244990306148
20.0 140 0.707946 -15.490705123049544 -1.290536509826914 -9.105244711488037 1.0000641281961877 1.014178425326506
20.0 150 1.0 -13.479645624495085 -1.349585307109558 -10.302230789237173 1.089446881025529 0.8468513949098924
20.0 160 0.707946 -16.926454473730114 -1.3062656070980316 -8.636571795179623 1.0008923600830963 1.0853271874226382
20.0 170 1.0 -13.47100426571338 -1.284468033238597 -9.76893532467519 1.0000129193265346 0.9246016011254526
20.0 180 1.0 -13.711904458067343 -1.3110901810482765 -9.875283781125177 1.025324877411373 0.9201730632092542
30.0 0 1e-100 -100.0 0.0 -100.0 1.0 0.0
30.0 10 1e-100 -100.0 0.0 -100.0 1.0 0.0
30.0 20 1e-100 -100.0 0.0 -100.0 1.0 0.0
30.0 30 0.177828 -7.440586343447871 -1.992274282233023 -15.87301763578469 4.147691644674699 -0.4779420564877253
30.0 40 0.354813 -8.940622541207452 -1.8565026125847581 -15.254347684442498 2.798696864039251 -0.15616832657964497
30.0 50 0.501187 -11.844439338562925 -1.7818110158866356 -14.106275437372894 2.402881042101118 0.08974483908531886
30.0 60 0.501187 -10.546303726739787 -1.5881299748062356 -13.415079221335205 1.6823252516239438 0.3950306208270042
30.0 70 0.707946 -16.869854313924346 -1.5194116463552718 -11.284535247937555 1.4086208773900728 0.8248878447604797
30.0 80 0.707946 -19.162994394855524 -1.2919310455108193 -8.120952202081682 1.000050369098226 1.1567976103363
30.0 90 0.707946 -15.500684623804888 -1.3513565585858234 -9.921987766213451 1.1092689063177459 0.8995949637029884
30.0 100 0.707946 -17.2233064156637 -1.3179334966955072 -8.89041352145141 1.0380768951262855 1.0474133217936852
30.0 110 0.707946 -17.89347607251244 -1.3098046474819571 -8.463147792124579 1.0008598361489507 1.127611015819306
30.0 120 0.707946 -18.0577590037922 -1.3151041086721016 -8.375849513732344 1.0001043322587189 1.1327403961390548
30.0 130 1.0 -15.272094755751688 -1.3043155279560767 -9.259117279757328 1.0002584132161314 1.0075754227182288
30.0 140 1.0 -16.668393543508 -1.312993414971735 -8.757816365534822 1.0001799259145825 1.0669641788232795
30.0 150 1.0 -14.485617264471806 -1.3116665036256725 -9.519209372818013 1.0002619736561174 0.9699948647240685
30.0 160 1.0 -14.9334158437521 -1.3134276318592901 -9.337088567813069 1.0001295166899618 0.9864277366675047
30.0 170 0.707946 -23.79147047538075 -1.3515673498871554 -6.51552294026431 1.0001177546502649 1.339026385244106
30.0 180 1.0 -14.947001374721058 -1.399241226028804 -10.011132089631719 1.1067649783061047 0.8967641051090706
40.0 0 1e-100 -100.0 0.0 -100.0 1.0 0.0
40.0 10 1e-100 -100.0 0.0 -100.0 1.0 0.0
40.0 20 0.125893 -6.403953597694386 -2.2930685012379746 -17.282015624783682 8.477786714216714 -0.9035123190533423
40.0 30 0.251189 -8.84972312073019 -2.1545352208688002 -16.254486656169327 4.332692088027813 -0.40760912423995443
40.0 40 0.354813 -8.689519266763593 -1.879474594654967 -15.115832829118355 2.7795381216482546 -0.12328007330896681
40.0 50 0.501187 -10.778965642773095 -1.6529507404948003 -13.794462552590362 1.8174277616665526 0.34593888193763606
40.0 60 0.707946 -14.393632868944103 -1.4415041460960512 -11.517107080623566 1.2910448931993985 0.8053474866571988
40.0 70 0.707946 -18.433464254938986 -1.2918484078531354 -8.486553779027396 1.000594752972156 1.1288307612141484
40.0 80 0.707946 -16.460224510650452 -1.3081834931772311 -9.246968345076734 1.0290088714344603 1.0235534088306013
40.0 90 1.0 -12.699838658619882 -1.3379596325749494 -10.75104785470128 1.0672881556698552 0.8345330256783153
40.0 100 1.0 -13.345449515288848 -1.3721643143729256 -10.65427168220385 1.0946917062928028 0.8460884480021674
40.0 110 1.0 -14.352566603624684 -1.3061727459620178 -9.68485963265651 1.0008479926609355 0.9639174948984469
40.0 120 1.0 -16.523875524323568 -1.3195380021070444 -8.902321581418102 1.0000264222134918 1.0551013512067091
40.0 130 1.0 -13.919352017995651 -1.3154642867021664 -9.765276180604383 1.0004579646905372 0.9287557451631276
40.0 140 1.0 -16.71924253693318 -1.32416247124405 -8.74953911023904 1.0001180715740414 1.0468614958804308
40.0 150 1.0 -20.764383425061943 -1.337885648393242 -7.3807949558125845 1.0003158724263834 1.1970439196182507
40.0 160 1.0 -19.813841050290662 -1.3349827448299743 -7.660315291675462 1.001002225165525 1.1535746883537807
40.0 170 0.707946 -24.02611725698632 -1.3516633207968058 -6.342802089414138 1.000014363807623 1.3057118724965595
40.0 180 1.0 -15.916863867617888 -1.3203381603248157 -8.91937972296957 1.0005016839603786 0.9935818598036606
100.0 0 1e-100 -100.0 0.0 -100.0 1.0 0.0
100.0 10 1e-100 -100.0 0.0 -100.0 1.0 0.0
100.0 20 0.354813 -8.98973905881832 -1.8607248408913686 -15.901812109627551 3.042574291128602 -0.22750075722508453
100.0 30 0.501187 -12.185348351053118 -1.7967494640080213 -14.574245956152119 2.2013101408998867 0.235587630139096
100.0 40 0.707946 -18.440960562639866 -1.2906588640422927 -8.942796201412401 1.0000520854162251 1.1362200076801716
100.0 50 0.707946 -15.628208892864786 -1.2884018748739967 -9.730257618186501 1.0012616344395986 1.0168170481287728
100.0 60 1.0 -13.913793670924688 -1.2993660484761584 -10.250158891555426 1.0000000004137812 0.9456696120323597
100.0 70 1.0 -13.789663446312083 -1.3159757675913926 -10.21581743420365 1.0003993253779362 0.9250678354012034
100.0 80 1.0 -18.74450243837972 -1.3326049638061876 -8.378103137273701 1.00228675220774 1.107630242129547
100.0 90 1.0 -20.23413691983065 -1.341020471193587 -7.79100399729339 1.000071322962168 1.1510518969456196
100.0 100 1.0 -18.652213471757207 -1.342138219701894 -8.252502219594598 1.0013396838879807 1.0789082835967865
100.0 110 0.707946 -24.999999999999602 -1.3776234368046814 -6.367553688871136 1.0000000000000002 1.3141368220457996
100.0 120 1.0 -24.999999999999996 -1.378772965157467 -6.303285187827825 1.0000000000000016 1.3019388411267732
100.0 130 1.0 -22.71267539118925 -1.3647698209550638 -6.83972215915538 1.001147484654581 1.2031437251945025
100.0 140 1.0 -23.302961076965452 -1.3712652843719533 -6.663151592550362 1.0012322346737128 1.2206587421646704
100.0 150 0.707946 -24.999999999999996 -1.3911855591576046 -6.308280756842532 1.0000000000000002 1.294709523859779
100.0 160 0.707946 -24.999999999999996 -1.394401092633366 -6.323771776464516 1.0000000000000036 1.2968555831454947
100.0 170 0.707946 -24.999999999999996 -1.3956105074865772 -6.323692437255196 1.0000000000000002 1.296061857473872
100.0 180 0.707946 -24.999999999999996 -1.3945753448311387 -6.304607172049569 1.0000000000000002 1.2935932435265185
