#eta_eta0 | theta | x_cut | A0 | A1 | A2 | A3 | A4 | F = 10^( A0*X**(A1 + log_10(X)) ), X = -A3*(log_10(x)-A4)
1.1 0 1e-100 -100.0 0.0 -100.0 1.0 0.0
1.1 10 1e-100 -100.0 0.0 -100.0 1.0 0.0
1.1 20 1e-100 -100.0 0.0 -100.0 1.0 0.0
1.1 30 1e-100 -100.0 0.0 -100.0 1.0 0.0
1.1 40 1e-100 -100.0 0.0 -100.0 1.0 0.0
1.1 50 1e-100 -100.0 0.0 -100.0 1.0 0.0
1.1 60 1e-100 -100.0 0.0 -100.0 1.0 0.0
1.1 70 1e-100 -100.0 0.0 -100.0 1.0 0.0
1.1 80 1e-100 -100.0 0.0 -100.0 1.0 0.0
1.1 90 1e-100 -100.0 0.0 -100.0 1.0 0.0
1.1 100 1e-100 -100.0 0.0 -100.0 1.0 0.0
1.1 110 1e-100 -100.0 0.0 -100.0 1.0 0.0
1.1 120 1e-100 -100.0 0.0 -100.0 1.0 0.0
1.1 130 1e-100 -100.0 0.0 -100.0 1.0 0.0
1.1 140 1e-100 -100.0 0.0 -100.0 1.0 0.0
1.1 150 1e-100 -100.0 0.0 -100.0 1.0 0.0
1.1 160 0.177828 -7.079597169480854 -2.0753880625221837 -16.283320339692782 5.200734756384526 -0.616825440809432
1.1 170 0.177828 -7.081023277736103 -2.0460150810775475 -15.951544210956357 4.985532906012347 -0.5880554567022013
1.1 180 0.177828 -6.891948212919037 -2.0630496918717918 -15.922163244742988 4.861413294054531 -0.5796083667949421
1.2 0 1e-100 -100.0 0.0 -100.0 1.0 0.0
1.2 10 1e-100 -100.0 0.0 -100.0 1.0 0.0
1.2 20 1e-100 -100.0 0.0 -100.0 1.0 0.0
1.2 30 1e-100 -100.0 0.0 -100.0 1.0 0.0
1.2 40 1e-100 -100.0 0.0 -100.0 1.0 0.0
1.2 50 1e-100 -100.0 0.0 -100.0 1.0 0.0
1.2 60 1e-100 -100.0 0.0 -100.0 1.0 0.0
1.2 70 1e-100 -100.0 0.0 -100.0 1.0 0.0
1.2 80 1e-100 -100.0 0.0 -100.0 1.0 0.0
1.2 90 1e-100 -100.0 0.0 -100.0 1.0 0.0
1.2 100 1e-100 -100.0 0.0 -100.0 1.0 0.0
1.2 110 1e-100 -100.0 0.0 -100.0 1.0 0.0
1.2 120 1e-100 -100.0 0.0 -100.0 1.0 0.0
1.2 130 1e-100 -100.0 0.0 -100.0 1.0 0.0
1.2 140 0.177828 -6.965425295687949 -2.112543402874997 -16.51188775465775 5.254479162916919 -0.626650861605715
1.2 150 0.251189 -9.698973808480961 -2.087961806371493 -15.62377532627665 4.832621341073376 -0.5036943793332118
1.2 160 0.251189 -10.301018362608632 -2.0505165116450077 -15.296648568081435 4.544931879186415 -0.44185942080892376
1.2 170 0.251189 -10.235387960191462 -2.0603357302303857 -15.236320141628381 4.398929844064511 -0.41554346443095946
1.2 180 0.251189 -10.393721797571173 -2.004626797379953 -15.07239970297187 4.355936126941082 -0.4062237141343481
1.3 0 1e-100 -100.0 0.0 -100.0 1.0 0.0
1.3 10 1e-100 -100.0 0.0 -100.0 1.0 0.0
1.3 20 1e-100 -100.0 0.0 -100.0 1.0 0.0
1.3 30 1e-100 -100.0 0.0 -100.0 1.0 0.0
1.3 40 1e-100 -100.0 0.0 -100.0 1.0 0.0
1.3 50 1e-100 -100.0 0.0 -100.0 1.0 0.0
1.3 60 1e-100 -100.0 0.0 -100.0 1.0 0.0
1.3 70 1e-100 -100.0 0.0 -100.0 1.0 0.0
1.3 80 1e-100 -100.0 0.0 -100.0 1.0 0.0
1.3 90 1e-100 -100.0 0.0 -100.0 1.0 0.0
1.3 100 1e-100 -100.0 0.0 -100.0 1.0 0.0
1.3 110 1e-100 -100.0 0.0 -100.0 1.0 0.0
1.3 120 1e-100 -100.0 0.0 -100.0 1.0 0.0
1.3 130 0.177828 -7.114965666323535 -2.078674285187903 -16.3414230962828 5.1379297979278755 -0.6092412270925034
1.3 140 0.251189 -9.658681363100511 -2.0570776139417104 -15.462058652879426 4.622648391776519 -0.4723483329233869
1.3 150 0.251189 -10.361307770316607 -2.0274979175003778 -15.13260904702427 4.330201394338352 -0.3980734749762784
1.3 160 0.251189 -9.48056496471387 -1.997227507118462 -15.048815714823343 4.001493396314472 -0.3647456509745765
1.3 170 0.251189 -9.434954183279363 -1.981743037426923 -14.969657398542019 3.9093407121607107 -0.346560222032452
1.3 180 0.251189 -9.395861849298356 -1.9819189802113208 -14.959123332835869 3.902607375538564 -0.3448475817313574
1.4 0 1e-100 -100.0 0.0 -100.0 1.0 0.0
1.4 10 1e-100 -100.0 0.0 -100.0 1.0 0.0
1.4 20 1e-100 -100.0 0.0 -100.0 1.0 0.0
1.4 30 1e-100 -100.0 0.0 -100.0 1.0 0.0
1.4 40 1e-100 -100.0 0.0 -100.0 1.0 0.0
1.4 50 1e-100 -100.0 0.0 -100.0 1.0 0.0
1.4 60 1e-100 -100.0 0.0 -100.0 1.0 0.0
1.4 70 1e-100 -100.0 0.0 -100.0 1.0 0.0
1.4 80 1e-100 -100.0 0.0 -100.0 1.0 0.0
1.4 90 1e-100 -100.0 0.0 -100.0 1.0 0.0
1.4 100 1e-100 -100.0 0.0 -100.0 1.0 0.0
1.4 110 1e-100 -100.0 0.0 -100.0 1.0 0.0
1.4 120 0.177828 -7.404800447238791 -2.1046003613859394 -16.78899125904125 5.559146702714661 -0.6426022569731552
1.4 130 0.251189 -9.705531761073134 -2.0352167902875165 -15.439724793143837 4.609936404165771 -0.46892471011841635
1.4 140 0.251189 -10.534626450613299 -2.046568244173983 -15.137664245001277 4.299505903714504 -0.3824699299329455
1.4 150 0.251189 -9.342246513270798 -1.9957235849885837 -15.017135938657402 3.9111662973971675 -0.3462218802926285
1.4 160 0.251189 -9.510248451813135 -1.9700411629333823 -14.871890665238428 3.796361499090467 -0.3153596475124704
1.4 170 0.251189 -9.199813958087978 -1.9645446514911307 -14.855513028208765 3.6668042021085197 -0.29749696004279375
1.4 180 0.251189 -9.261411090553484 -1.9512498105435923 -14.806887252435958 3.657824235542125 -0.29334261373083625
1.5 0 1e-100 -100.0 0.0 -100.0 1.0 0.0
1.5 10 1e-100 -100.0 0.0 -100.0 1.0 0.0
1.5 20 1e-100 -100.0 0.0 -100.0 1.0 0.0
1.5 30 1e-100 -100.0 0.0 -100.0 1.0 0.0
1.5 40 1e-100 -100.0 0.0 -100.0 1.0 0.0
1.5 50 1e-100 -100.0 0.0 -100.0 1.0 0.0
1.5 60 1e-100 -100.0 0.0 -100.0 1.0 0.0
1.5 70 1e-100 -100.0 0.0 -100.0 1.0 0.0
1.5 80 1e-100 -100.0 0.0 -100.0 1.0 0.0
1.5 90 1e-100 -100.0 0.0 -100.0 1.0 0.0
1.5 100 1e-100 -100.0 0.0 -100.0 1.0 0.0
1.5 110 1e-100 -100.0 0.0 -100.0 1.0 0.0
1.5 120 0.251189 -9.833217170600678 -2.0474534214739304 -15.597422446744776 4.773912381217364 -0.4937338460692826
1.5 130 0.251189 -10.662814479721227 -2.0121929190430787 -15.084974795179317 4.283355100817657 -0.380800547695861
1.5 140 0.251189 -9.323041240281928 -2.000872859071209 -15.034448820505055 3.8705885581197683 -0.33585016627374986
1.5 150 0.251189 -9.500376126902788 -1.9782776900264962 -14.874970613805123 3.741748170583546 -0.29859350084680514
1.5 160 0.354813 -10.802605004563985 -2.0248012676737037 -14.796701426363175 3.8941311661879827 -0.27466435837381376
1.5 170 0.354813 -10.644333188072872 -2.019133383322382 -14.766484453041425 3.8113112071779045 -0.26154689868937114
1.5 180 0.354813 -10.724414980008795 -1.9999612146283259 -14.70036977988453 3.763702586421779 -0.25114250435679036
1.6 0 1e-100 -100.0 0.0 -100.0 1.0 0.0
1.6 10 1e-100 -100.0 0.0 -100.0 1.0 0.0
1.6 20 1e-100 -100.0 0.0 -100.0 1.0 0.0
1.6 30 1e-100 -100.0 0.0 -100.0 1.0 0.0
1.6 40 1e-100 -100.0 0.0 -100.0 1.0 0.0
1.6 50 1e-100 -100.0 0.0 -100.0 1.0 0.0
1.6 60 1e-100 -100.0 0.0 -100.0 1.0 0.0
1.6 70 1e-100 -100.0 0.0 -100.0 1.0 0.0
1.6 80 1e-100 -100.0 0.0 -100.0 1.0 0.0
1.6 90 1e-100 -100.0 0.0 -100.0 1.0 0.0
1.6 100 1e-100 -100.0 0.0 -100.0 1.0 0.0
1.6 110 0.177828 -7.134473572241253 -2.0731919025561303 -16.338397859659793 5.1068320168225485 -0.6044831075471764
1.6 120 0.251189 -10.290013899706858 -2.0483700134657217 -15.304926151232454 4.349213354667979 -0.4056852124078642
1.6 130 0.251189 -9.286231188578983 -2.0089160227816776 -15.09640901441428 3.8865513866181747 -0.34095304094636036
1.6 140 0.251189 -9.35458943138336 -1.9391130586012049 -14.811677719817334 3.6159360763624098 -0.28259683100705696
1.6 150 0.354813 -10.595198394379926 -1.9879806609926942 -14.71278417074355 3.6494462992416072 -0.23897790063544413
1.6 160 0.354813 -9.264909323437845 -1.8726327332709338 -14.515743917702384 3.1675317699833294 -0.18699202707900642
1.6 170 0.354813 -9.23693721408768 -1.9174569220633086 -14.607123430885377 3.3121253593231 -0.20743559135304007
1.6 180 0.354813 -9.23342107418149 -1.8509304066771497 -14.4198062120818 3.131628067281769 -0.17728837982534607
1.7 0 1e-100 -100.0 0.0 -100.0 1.0 0.0
1.7 10 1e-100 -100.0 0.0 -100.0 1.0 0.0
1.7 20 1e-100 -100.0 0.0 -100.0 1.0 0.0
1.7 30 1e-100 -100.0 0.0 -100.0 1.0 0.0
1.7 40 1e-100 -100.0 0.0 -100.0 1.0 0.0
1.7 50 1e-100 -100.0 0.0 -100.0 1.0 0.0
1.7 60 1e-100 -100.0 0.0 -100.0 1.0 0.0
1.7 70 1e-100 -100.0 0.0 -100.0 1.0 0.0
1.7 80 1e-100 -100.0 0.0 -100.0 1.0 0.0
1.7 90 1e-100 -100.0 0.0 -100.0 1.0 0.0
1.7 100 1e-100 -100.0 0.0 -100.0 1.0 0.0
1.7 110 0.251189 -9.79066051922417 -2.02542719954521 -15.53215905231016 4.574029797958987 -0.4669155696062636
1.7 120 0.251189 -9.575906923484938 -1.9824419040398813 -15.100253144943103 4.004652801902563 -0.3598877623397665
1.7 130 0.251189 -9.568561343366733 -1.9593430156881984 -14.884692579994635 3.7484950292804817 -0.299072825016623
1.7 140 0.354813 -10.832241563648752 -1.9859020579542628 -14.70699258573147 3.6984855739399043 -0.2380881520086605
1.7 150 0.354813 -9.152501517331634 -1.8610303986178396 -14.497109101991002 3.116626953624613 -0.1757028485370457
1.7 160 0.354813 -9.123367120317793 -1.8577371217102516 -14.434311044953095 3.078734782937876 -0.16200596021821262
1.7 170 0.354813 -9.006890764055331 -1.837621508689378 -14.361082517229429 2.9394405167644595 -0.13043762864743935
1.7 180 0.354813 -8.96761185399554 -1.8398499882922217 -14.36266841124064 2.939472708425702 -0.12991001745476857
1.8 0 1e-100 -100.0 0.0 -100.0 1.0 0.0
1.8 10 1e-100 -100.0 0.0 -100.0 1.0 0.0
1.8 20 1e-100 -100.0 0.0 -100.0 1.0 0.0
1.8 30 1e-100 -100.0 0.0 -100.0 1.0 0.0
1.8 40 1e-100 -100.0 0.0 -100.0 1.0 0.0
1.8 50 1e-100 -100.0 0.0 -100.0 1.0 0.0
1.8 60 1e-100 -100.0 0.0 -100.0 1.0 0.0
1.8 70 1e-100 -100.0 0.0 -100.0 1.0 0.0
1.8 80 1e-100 -100.0 0.0 -100.0 1.0 0.0
1.8 90 1e-100 -100.0 0.0 -100.0 1.0 0.0
1.8 100 0.177828 -7.120737925323203 -2.12717004130189 -16.770050539602924 5.360341836530503 -0.6324504234617713
1.8 110 0.251189 -10.386627194445396 -2.0276678994847264 -15.28276994769952 4.33525818606775 -0.4004084735814782
1.8 120 0.251189 -9.402429908667761 -1.9834250748442788 -15.034622428100109 3.815706542791927 -0.32080482572575864
1.8 130 0.354813 -11.056075792608702 -1.9839112773683818 -14.723809112562353 3.757293865453561 -0.24611975758986698
1.8 140 0.354813 -9.115873646257832 -1.8845313123373206 -14.583731901345931 3.1592904011735863 -0.18504164734146467
1.8 150 0.354813 -9.167401020751388 -1.8535658357538303 -14.411583026790266 3.0230702303237016 -0.14581803149893527
1.8 160 0.354813 -8.959688153418766 -1.807119650029527 -14.25366752498225 2.8550169542480917 -0.1101351005749797
1.8 170 0.354813 -8.859221589394524 -1.8219722396534617 -14.273291155816914 2.829309751438327 -0.10125184720136432
1.8 180 0.354813 -8.909692111515778 -1.7978335889741734 -14.188744726394354 2.7944820954576794 -0.0911420300842213
1.9 0 1e-100 -100.0 0.0 -100.0 1.0 0.0
1.9 10 1e-100 -100.0 0.0 -100.0 1.0 0.0
1.9 20 1e-100 -100.0 0.0 -100.0 1.0 0.0
1.9 30 1e-100 -100.0 0.0 -100.0 1.0 0.0
1.9 40 1e-100 -100.0 0.0 -100.0 1.0 0.0
1.9 50 1e-100 -100.0 0.0 -100.0 1.0 0.0
1.9 60 1e-100 -100.0 0.0 -100.0 1.0 0.0
1.9 70 1e-100 -100.0 0.0 -100.0 1.0 0.0
1.9 80 1e-100 -100.0 0.0 -100.0 1.0 0.0
1.9 90 1e-100 -100.0 0.0 -100.0 1.0 0.0
1.9 100 0.251189 -9.793857217957688 -2.0638789068417025 -15.793350560322349 4.8228717617182495 -0.5024485641492642
1.9 110 0.251189 -9.471025849677188 -2.0148001804975517 -15.227008052085846 3.990980662801032 -0.35970814220884934
1.9 120 0.251189 -9.584971992273521 -1.9643538391395643 -14.909124926733933 3.679549799269256 -0.2824575897611429
1.9 130 0.354813 -9.133971942326411 -1.8883245096609897 -14.643072740573071 3.1973365179936586 -0.19406790924180353
1.9 140 0.354813 -8.989759036902058 -1.8434313896106211 -14.436441640981085 2.9707465070064827 -0.1398311354680162
1.9 150 0.354813 -8.909726609676504 -1.805727289887743 -14.256553975492258 2.832910827261476 -0.1038763383321227
1.9 160 0.354813 -9.319296533875377 -1.8251245366563216 -14.191775467742099 2.826675101990479 -0.07540008381361579
1.9 170 0.354813 -8.967432421903833 -1.778825497406546 -14.082675759435835 2.737501723644981 -0.06744312495031009
1.9 180 0.354813 -8.862544525642827 -1.8067927302909614 -14.166940430450488 2.7420915422427297 -0.06636065310743397
2.0 0 1e-100 -100.0 0.0 -100.0 1.0 0.0
2.0 10 1e-100 -100.0 0.0 -100.0 1.0 0.0
2.0 20 1e-100 -100.0 0.0 -100.0 1.0 0.0
2.0 30 1e-100 -100.0 0.0 -100.0 1.0 0.0
2.0 40 1e-100 -100.0 0.0 -100.0 1.0 0.0
2.0 50 1e-100 -100.0 0.0 -100.0 1.0 0.0
2.0 60 1e-100 -100.0 0.0 -100.0 1.0 0.0
2.0 70 1e-100 -100.0 0.0 -100.0 1.0 0.0
2.0 80 1e-100 -100.0 0.0 -100.0 1.0 0.0
2.0 90 1e-100 -100.0 0.0 -100.0 1.0 0.0
2.0 100 0.251189 -10.344720345411849 -2.0381801637626378 -15.45330247112009 4.493933403044439 -0.43181086959085935
2.0 110 0.251189 -9.547424771806464 -1.9476590993584306 -14.992379373899315 3.8014170064107993 -0.31924628689693035
2.0 120 0.354813 -9.929958290886727 -1.9202221181844292 -14.70623247403763 3.485746901873529 -0.23208313692915256
2.0 130 0.354813 -9.123397898428712 -1.8739446967020652 -14.553350323212243 3.087977226497403 -0.1627237586734735
2.0 140 0.354813 -8.92715558136032 -1.7923649139685687 -14.242735328271936 2.7915788005392725 -0.0950580279265181
2.0 150 0.354813 -8.820406622435959 -1.8195566385798525 -14.251461199166183 2.754641934556896 -0.07413214179165666
2.0 160 0.354813 -8.959419700958753 -1.7923418674988971 -14.10744036380628 2.7017356855009385 -0.048086681012028926
2.0 170 0.354813 -8.89042086218408 -1.8036482225851378 -14.1275757527377 2.727820925641063 -0.052375988161528816
2.0 180 0.354813 -8.869358098183072 -1.8066967817382444 -14.124817009974622 2.685467374995216 -0.03948658798535481
3.0 0 1e-100 -100.0 0.0 -100.0 1.0 0.0
3.0 10 1e-100 -100.0 0.0 -100.0 1.0 0.0
3.0 20 1e-100 -100.0 0.0 -100.0 1.0 0.0
3.0 30 1e-100 -100.0 0.0 -100.0 1.0 0.0
3.0 40 1e-100 -100.0 0.0 -100.0 1.0 0.0
3.0 50 1e-100 -100.0 0.0 -100.0 1.0 0.0
3.0 60 1e-100 -100.0 0.0 -100.0 1.0 0.0
3.0 70 1e-100 -100.0 0.0 -100.0 1.0 0.0
3.0 80 0.251189 -10.402006155820562 -2.0420504278125575 -15.465466763641706 4.293590533392622 -0.38473997589363057
3.0 90 0.354813 -9.316533337617052 -1.9133076758862695 -14.940519864328552 3.4028979073846464 -0.2346313235232076
3.0 100 0.354813 -9.182168121832287 -1.8676243787488218 -14.598133627451334 2.991802982351271 -0.12609005771997536
3.0 110 0.354813 -10.20041489701183 -1.865086401328741 -14.275961226126643 2.8862372229923743 -0.03485791120697178
3.0 120 0.501187 -9.504536839201526 -1.8762459209604048 -14.377597926087493 2.9510899759219273 -0.03843133669405028
3.0 130 0.501187 -9.188666285627008 -1.8828893381704879 -14.510550745964547 2.763285421808871 0.014960040787636235
3.0 140 0.501187 -9.510533356413376 -1.832347609634563 -14.378428404285966 2.550021011311548 0.08370175924817455
3.0 150 0.501187 -9.880860445135221 -1.726918174849443 -13.945795290734129 2.2871880587673314 0.15383243801520807
3.0 160 0.501187 -9.834789621973597 -1.7094388696594085 -13.831056853821686 2.1415774276173654 0.1926172537829955
3.0 170 0.501187 -9.896732052449332 -1.6819201761164542 -13.68909303804817 2.058160003123517 0.21798650191884256
3.0 180 0.501187 -9.868153428390178 -1.6698235585356134 -13.640135415782584 2.021569089750783 0.22939095605217458
4.0 0 1e-100 -100.0 0.0 -100.0 1.0 0.0
4.0 10 1e-100 -100.0 0.0 -100.0 1.0 0.0
4.0 20 1e-100 -100.0 0.0 -100.0 1.0 0.0
4.0 30 1e-100 -100.0 0.0 -100.0 1.0 0.0
4.0 40 1e-100 -100.0 0.0 -100.0 1.0 0.0
4.0 50 1e-100 -100.0 0.0 -100.0 1.0 0.0
4.0 60 1e-100 -100.0 0.0 -100.0 1.0 0.0
4.0 70 0.251189 -10.556254977648623 -2.0320542686910947 -15.424999166816331 4.1143461164098545 -0.33781359430429464
4.0 80 0.354813 -9.177662469637994 -1.8764048625726306 -14.843142376413994 3.0562407376071414 -0.15143656970563174
4.0 90 0.354813 -9.787822287917269 -1.8379356204915867 -14.384369284507097 2.8354235272926633 -0.04151129523677398
4.0 100 0.501187 -9.533367507040333 -1.8853254158161856 -14.550197886449588 2.887777934385322 -0.012647460793281936
4.0 110 0.501187 -9.411680310654457 -1.8464155252373238 -14.56168441538307 2.541623354147896 0.08266699026461088
4.0 120 0.501187 -10.306655472274715 -1.6541920301590245 -13.61327602026852 2.0106798150231513 0.24759790817223215
4.0 130 0.501187 -9.817018271725454 -1.5443204896260068 -13.182054249266825 1.7377795986853108 0.32509609993644173
4.0 140 0.501187 -12.045523958051726 -1.615918451126827 -12.919827512601064 1.8467745714487371 0.39261679361467483
4.0 150 0.501187 -11.989991353497954 -1.5337887409326716 -12.364626413958165 1.666519067011263 0.4533763784646003
4.0 160 0.707946 -11.954316702086674 -1.821853038004901 -13.680385768747046 2.308673933479519 0.23159709939747677
4.0 170 0.501187 -9.75204514999969 -1.3977039120803094 -12.215866962108556 1.3870871271636775 0.508076750295315
4.0 180 0.501187 -9.830256019100515 -1.3940286818788932 -12.16096282081518 1.3777527924852655 0.5188074177897245
5.0 0 1e-100 -100.0 0.0 -100.0 1.0 0.0
5.0 10 1e-100 -100.0 0.0 -100.0 1.0 0.0
5.0 20 1e-100 -100.0 0.0 -100.0 1.0 0.0
5.0 30 1e-100 -100.0 0.0 -100.0 1.0 0.0
5.0 40 1e-100 -100.0 0.0 -100.0 1.0 0.0
5.0 50 1e-100 -100.0 0.0 -100.0 1.0 0.0
5.0 60 0.251189 -10.549451377641653 -2.022104785342227 -15.6058117650044 4.230621332666208 -0.3707401795692699
5.0 70 0.354813 -8.749060319477566 -1.8530817015815468 -14.947177798889648 3.0233552348957327 -0.16268926812584814
5.0 80 0.354813 -8.87757724605175 -1.8163304821737871 -14.526971308441947 2.69189917582545 -0.029120538023635383
5.0 90 0.501187 -9.359245056733114 -1.8928997302999402 -14.746351118116243 2.7354946181761304 0.03303531016190372
5.0 100 0.501187 -10.220981277930077 -1.7108591153430956 -13.977107566251322 2.151760628831719 0.20172968927780693
5.0 110 0.501187 -10.23301663552925 -1.5457761314185423 -13.166123458721419 1.7277138039233397 0.3525454806144308
5.0 120 0.501187 -11.06591130014136 -1.4986773976300853 -12.510958896778257 1.5780823295813027 0.46198772165766605
5.0 130 0.707946 -13.05247628612782 -1.8134314911264995 -13.504484150894084 2.2572638362651736 0.29217951048954366
5.0 140 0.707946 -15.968865481003094 -1.8336605212617165 -13.09867880186831 2.3094435885330635 0.3684751417194382
5.0 150 0.707946 -14.09399590843314 -1.779428331021 -13.0696304465048 2.1365436845850714 0.388571433221914
5.0 160 0.707946 -14.843023623714638 -1.7827731818984642 -12.917364105533434 2.141284504732369 0.4074476141807515
5.0 170 0.707946 -12.087418688984362 -1.6932616946838948 -12.952708655022628 1.9091565783051536 0.4108190896387466
5.0 180 0.707946 -14.472836827731818 -1.7734254882391844 -12.907384311707679 2.146323803135522 0.39536592624142924
6.0 0 1e-100 -100.0 0.0 -100.0 1.0 0.0
6.0 10 1e-100 -100.0 0.0 -100.0 1.0 0.0
6.0 20 1e-100 -100.0 0.0 -100.0 1.0 0.0
6.0 30 1e-100 -100.0 0.0 -100.0 1.0 0.0
6.0 40 1e-100 -100.0 0.0 -100.0 1.0 0.0
6.0 50 0.177828 -7.532660927754473 -2.0899917047553576 -16.930704911019436 5.2880180017045895 -0.6096508929204114
6.0 60 0.354813 -9.010126288833762 -1.9068052552029058 -15.262723546538455 3.3661374007845266 -0.23820532530248517
6.0 70 0.354813 -8.847099562035082 -1.811119465536535 -14.634442919204675 2.7098607877398693 -0.04916113108315767
6.0 80 0.501187 -9.571764168127624 -1.8685998214769775 -14.72314027994961 2.70531589403354 0.04453693497170889
6.0 90 0.501187 -10.403080835361532 -1.6741568207787823 -13.856056413476015 2.074673540640541 0.22915569289826285
6.0 100 0.501187 -9.859885475156464 -1.4837807095718325 -13.00754933370819 1.607549520353255 0.3953916955310381
6.0 110 0.707946 -13.063891371217359 -1.8239460627389759 -13.657277257488918 2.3426274103356874 0.2592296901510084
6.0 120 0.707946 -15.519750068954986 -1.8455186239715742 -13.280904860619136 2.3160608586615674 0.35823265760000594
6.0 130 0.707946 -14.376041973921039 -1.7678503055902328 -12.983703646643521 2.1121849660740972 0.4048562832624854
6.0 140 0.707946 -12.676792388029709 -1.6974104083060426 -12.915063029959173 1.902383172076076 0.4418779431513925
6.0 150 0.707946 -12.456273974641912 -1.6368948507095658 -12.679004491149293 1.7396893611633637 0.508717184966801
6.0 160 0.707946 -12.28371570539816 -1.613197705354469 -12.596325245190524 1.65905172599858 0.5441687290146657
6.0 170 0.707946 -12.349103198142979 -1.5686362470952784 -12.341533667132346 1.5862733574992631 0.5825657239595152
6.0 180 0.707946 -12.314815061823175 -1.576732858218106 -12.391028333597157 1.6061607425708209 0.568451856786924
7.0 0 1e-100 -100.0 0.0 -100.0 1.0 0.0
7.0 10 1e-100 -100.0 0.0 -100.0 1.0 0.0
7.0 20 1e-100 -100.0 0.0 -100.0 1.0 0.0
7.0 30 1e-100 -100.0 0.0 -100.0 1.0 0.0
7.0 40 1e-100 -100.0 0.0 -100.0 1.0 0.0
7.0 50 0.251189 -9.585673978393126 -1.9990766373554982 -15.794238462382745 4.079839777313068 -0.37577082744627177
7.0 60 0.354813 -9.724275030586401 -1.8632940547172432 -14.888408272081978 3.000276009649218 -0.11110087203207686
7.0 70 0.501187 -10.267923246931364 -1.976060274130772 -14.926990383502732 3.135316922058854 -0.04055475004688071
7.0 80 0.501187 -10.124325867722604 -1.73614055343332 -14.250636093415215 2.215177399055413 0.1816356639891682
7.0 90 0.501187 -10.580760455454172 -1.565552127968998 -13.273183813728828 1.7272573107506772 0.38484581663642525
7.0 100 0.707946 -12.831936350535354 -1.8586805146964214 -13.865532063317728 2.3676720932757247 0.2511132493169807
7.0 110 0.707946 -14.288477149353977 -1.780449649043713 -13.180078400821944 2.1344747514163234 0.3967828323811599
7.0 120 0.707946 -14.233232871516654 -1.7354477062913438 -12.882967319848738 2.0197799786637827 0.44274953064464717
7.0 130 0.707946 -12.294029906886168 -1.6028785433269128 -12.614662831299173 1.6643525121063734 0.538395976746437
7.0 140 0.707946 -12.871697824707265 -1.6336770481181515 -12.60568145089877 1.66481334370916 0.5733201711011755
7.0 150 0.707946 -15.833648464264192 -1.6673583123946496 -12.142989395588426 1.7684915766887184 0.6284530803152358
7.0 160 0.707946 -14.32830198015425 -1.6663453948721467 -12.405039110763417 1.7204389719375541 0.6156551858622551
7.0 170 0.707946 -14.341362623471406 -1.6637142944868255 -12.37426750925661 1.7166734991293489 0.6187118167311155
7.0 180 0.707946 -12.61354244571026 -1.595268459537989 -12.368619065619425 1.5711559848393482 0.6331725420927542
8.0 0 1e-100 -100.0 0.0 -100.0 1.0 0.0
8.0 10 1e-100 -100.0 0.0 -100.0 1.0 0.0
8.0 20 1e-100 -100.0 0.0 -100.0 1.0 0.0
8.0 30 1e-100 -100.0 0.0 -100.0 1.0 0.0
8.0 40 1e-100 -100.0 0.0 -100.0 1.0 0.0
8.0 50 0.251189 -9.455204353370126 -1.980329029584066 -15.579309120755983 3.6847160153197356 -0.2856491715339759
8.0 60 0.354813 -9.061925695783865 -1.7961706191066313 -14.668563175076923 2.6839411198491447 -0.032876812306101295
8.0 70 0.501187 -9.914027261721719 -1.844274023029514 -14.783403500556702 2.6397002017939313 0.07418119094710542
8.0 80 0.501187 -10.52441662760324 -1.5796470672696954 -13.462058433706533 1.7973946652342774 0.33508215353990817
8.0 90 0.707946 -13.19652976444041 -1.7833983937381643 -13.588563182347032 2.2137318622049085 0.30386370915632566
8.0 100 0.707946 -14.05154917228874 -1.7897841383807116 -13.321459619460827 2.1570551996162743 0.38120010775189844
8.0 110 0.707946 -14.36819631694271 -1.7090857759572222 -12.78500718701694 1.9581161079930454 0.4731461240421424
8.0 120 0.707946 -12.4301532737591 -1.5740374042460876 -12.47129552999361 1.5918930203653503 0.5826637096023161
8.0 130 0.707946 -13.76479702804091 -1.6247590228535476 -12.377550087766025 1.666226374440189 0.6106052785363185
8.0 140 0.707946 -14.263271967913846 -1.6506873539604492 -12.36652477071208 1.6843908612120078 0.6354281117862264
8.0 150 0.707946 -14.97873226058239 -1.6744999168645098 -12.332775917878662 1.7337913739938295 0.6277119423673222
8.0 160 0.707946 -15.2002415664196 -1.6312986517366446 -12.019550468653309 1.660636720572256 0.6586099872578659
8.0 170 0.707946 -16.43964050036812 -1.6680931899453404 -11.98423554016542 1.720072032001909 0.666787381659499
8.0 180 0.707946 -15.552306628881656 -1.6656812635023108 -12.14344140368814 1.7005391385523827 0.647637562521234
9.0 0 1e-100 -100.0 0.0 -100.0 1.0 0.0
9.0 10 1e-100 -100.0 0.0 -100.0 1.0 0.0
9.0 20 1e-100 -100.0 0.0 -100.0 1.0 0.0
9.0 30 1e-100 -100.0 0.0 -100.0 1.0 0.0
9.0 40 0.177828 -7.64176151349234 -2.130103954838764 -17.523530279652125 5.563021639357158 -0.6358308811088588
9.0 50 0.354813 -8.687585116399017 -1.8298477850073362 -15.185460420251388 3.01788809141885 -0.1709905199049416
9.0 60 0.354813 -8.677207521891415 -1.8327260002321237 -14.842234728396292 2.673716012142398 -0.007058909662346985
9.0 70 0.501187 -10.486929193700547 -1.6821470154407814 -14.061464761091191 2.10920637644061 0.22163865276943903
9.0 80 0.501187 -10.566738480866999 -1.475372899168523 -12.798268587148886 1.5530826716865933 0.4455462502112319
9.0 90 0.707946 -14.979364956640058 -1.8334524080881076 -13.478603032839667 2.283986059785025 0.3532996553943668
9.0 100 0.707946 -14.239939228987643 -1.7480764032371343 -13.052418201489004 2.022249692713714 0.4468213336520391
9.0 110 0.707946 -13.037022892554674 -1.6286829029592673 -12.675155514871085 1.691620122567989 0.5585567436483827
9.0 120 0.707946 -14.381535981266618 -1.6560708349448032 -12.450875489509773 1.7113727762000628 0.6181184527925017
9.0 130 0.707946 -16.1387775739057 -1.7253487775588536 -12.465856648257343 1.809599682660176 0.6345786920238211
9.0 140 0.707946 -15.543889742789503 -1.6427289326629044 -12.05993648230506 1.6670222464861166 0.6655813478871787
9.0 150 0.707946 -14.920861362379418 -1.5798700839913173 -11.785125880490977 1.5411560392267605 0.7050890767073211
9.0 160 0.707946 -14.564890581278116 -1.5691838800159803 -11.782270932101918 1.5125208544641169 0.7037187919481087
9.0 170 0.707946 -14.851983763004185 -1.5837434066812999 -11.793789666780054 1.5215968766242927 0.7122815976684365
9.0 180 0.707946 -14.56933103845751 -1.5669964164193744 -11.75369892590855 1.5055421175181456 0.7055692963439304
10.0 0 1e-100 -100.0 0.0 -100.0 1.0 0.0
10.0 10 1e-100 -100.0 0.0 -100.0 1.0 0.0
10.0 20 1e-100 -100.0 0.0 -100.0 1.0 0.0
10.0 30 1e-100 -100.0 0.0 -100.0 1.0 0.0
10.0 40 0.251189 -10.15408340985989 -2.0501049195991006 -16.2077004290951 4.52840665203881 -0.44165354016896513
10.0 50 0.354813 -8.92177350130897 -1.8014514159275123 -14.951424764207657 2.804261215112438 -0.09531742030638275
10.0 60 0.501187 -11.399313255300628 -2.015981006613239 -15.141530170588311 3.1248128908301105 0.0102952482066025
10.0 70 0.501187 -10.79306317709216 -1.6156658108709672 -13.664040251573821 1.8648283104776733 0.32272765260079533
10.0 80 0.707946 -11.95089045089927 -1.9006344418203256 -14.286895721147129 2.4300518062921204 0.21069850283123312
10.0 90 0.707946 -14.604921940624338 -1.761242574715183 -13.124696669820757 2.1009862867150657 0.4190505115920085
10.0 100 0.707946 -13.110946194205349 -1.6194446409502903 -12.662620092194055 1.673984457354157 0.5691427390309531
10.0 110 0.707946 -13.8613770028645 -1.6395031364526835 -12.515343686905336 1.6652710612171597 0.6253695597964053
10.0 120 0.707946 -15.047557395600354 -1.6729144627437602 -12.406834649504042 1.7440179886245448 0.6199153961884822
10.0 130 0.707946 -14.804246200378437 -1.5993243449903527 -11.990601423465415 1.5891613173453156 0.6732955974867584
10.0 140 0.707946 -14.97829015539938 -1.559160892323474 -11.658330682504532 1.501090079105566 0.7230041743425951
10.0 150 0.707946 -14.988337686978458 -1.5447846630589643 -11.52819209476579 1.4560513570514473 0.7523157250006937
10.0 160 0.707946 -14.940111382004027 -1.5442083343649733 -11.51527763758427 1.4470773387725777 0.7578941693498689
10.0 170 0.707946 -15.118715009360487 -1.5424029274037323 -11.437596649682437 1.4333087802965627 0.7737244977946152
10.0 180 0.707946 -14.947096104729237 -1.5333919908716998 -11.420205301505456 1.4310442500708378 0.7645588753563992
20.0 0 1e-100 -100.0 0.0 -100.0 1.0 0.0
20.0 10 1e-100 -100.0 0.0 -100.0 1.0 0.0
20.0 20 1e-100 -100.0 0.0 -100.0 1.0 0.0
20.0 30 0.251189 -10.989177838145661 -2.024356770231455 -16.030801113761633 4.08818349490967 -0.3194109051152847
20.0 40 0.501187 -10.549984849547926 -1.8945506105526728 -15.145437376190063 2.9958389251063373 -0.0052616172220035845
20.0 50 0.501187 -10.668471286280624 -1.5831401707174912 -13.763124792763614 1.7510427577833043 0.3849085578710801
20.0 60 0.707946 -15.767057951010754 -1.800318493917298 -13.43354300873788 2.20714464940447 0.41103596084530075
20.0 70 0.707946 -13.177382274131848 -1.6037958943256192 -12.785971452295069 1.612152091218665 0.6195194670342783
20.0 80 0.707946 -12.573375200116095 -1.5122890261007456 -12.31644110086063 1.4392779670183282 0.6668373828362358
20.0 90 0.707946 -14.173776404949262 -1.5054440464819994 -11.738439973205981 1.3913100584962346 0.7558564306047406
20.0 100 1.0 -13.056796122029963 -1.4338608219363391 -11.357122542149256 1.221013038384698 0.7649368548499403
20.0 110 1.0 -12.573578168815388 -1.3348199979147732 -10.754294542674378 1.0947488315618423 0.8095443128011655
20.0 120 0.707946 -15.356208011747203 -1.3966215146833696 -10.181933004360026 1.1707244682369706 0.8704196065338157
20.0 130 0.707946 -14.364591304369359 -1.3257747733948992 -9.888871292368428 1.0643345605351655 0.9150780519827714
20.0 140 0.707946 -14.630689407428692 -1.3308459719116994 -9.780293982522435 1.0606278311149684 0.9328907306808235
20.0 150 0.707946 -14.701490857577262 -1.322988385159021 -9.655956342445151 1.0537727970511135 0.9372084564750367
20.0 160 1.0 -13.508537424395167 -1.4178492952981057 -10.762762749571786 1.1750320836337074 0.7997174286075772
20.0 170 0.707946 -14.593123864417873 -1.2938960859371706 -9.406430234977961 1.000952809295049 0.9868392604315787
20.0 180 1.0 -13.658919160773243 -1.422213607152721 -10.722750874662802 1.1780487282016225 0.8021811400805131
30.0 0 1e-100 -100.0 0.0 -100.0 1.0 0.0
30.0 10 1e-100 -100.0 0.0 -100.0 1.0 0.0
30.0 20 1e-100 -100.0 0.0 -100.0 1.0 0.0
30.0 30 0.354813 -8.837907684741833 -1.7925855603923542 -15.26474071787606 2.6689233750941193 -0.03634814757580558
30.0 40 0.501187 -11.172890953853647 -1.6016254228578515 -13.93541099721513 1.823126815346078 0.36680678078274015
30.0 50 0.707946 -14.728411449263968 -1.740549755967644 -13.459531473926527 2.0186935399618746 0.46321494058711066
30.0 60 0.707946 -12.201184649133278 -1.5620335096116365 -12.890421617382716 1.5233447261015671 0.6274015506504226
30.0 70 0.707946 -15.797895612616303 -1.6004691808929699 -12.150387102296083 1.5383627722021822 0.7340741666532887
30.0 80 1.0 -12.207082588042763 -1.3563076575501498 -11.259033685476405 1.1170064429420012 0.7886096702224125
30.0 90 1.0 -13.294942233725187 -1.3683226320928006 -10.838290134946057 1.1425255412404873 0.8021604517284333
30.0 100 0.707946 -17.10087906150022 -1.468664389222623 -10.297730052146454 1.2474224367169913 0.8856929242359419
30.0 110 1.0 -13.209937047107628 -1.4104467152645133 -10.950614774821375 1.1550137126000695 0.8005676940185341
30.0 120 1.0 -12.901271719601404 -1.3968475790498225 -10.877997305698177 1.124391882440277 0.8109085411492477
30.0 130 0.707946 -17.76134498723446 -1.316363019026466 -8.436454268441203 1.000727469161359 1.1218813306129032
30.0 140 1.0 -14.05307063055984 -1.298785364761608 -9.625219322533818 1.000759431064281 0.9450990275168226
30.0 150 0.707946 -18.78801724364996 -1.3241749308377768 -8.038377853163393 1.0000145469270436 1.15196395246089
30.0 160 0.707946 -19.209867427585625 -1.3251729537755015 -7.866432479576983 1.0001805210486985 1.1618342833536464
30.0 170 1.0 -15.098757123438862 -1.4014822784297334 -9.984129656370277 1.1165841645275398 0.8900789401076449
30.0 180 0.707946 -20.424713290719154 -1.3293369195736475 -7.446525723605858 1.000082695978366 1.204522704534642
40.0 0 1e-100 -100.0 0.0 -100.0 1.0 0.0
40.0 10 1e-100 -100.0 0.0 -100.0 1.0 0.0
40.0 20 0.251189 -9.952119263362931 -2.0278740210062676 -16.675676694149583 4.290632012011717 -0.40504118240263326
40.0 30 0.501187 -11.23441383259762 -1.9147792558316474 -15.525070337335094 2.7911781952550934 0.08335799365884644
40.0 40 0.707946 -12.449054334190869 -1.7528089267302869 -14.12815488492549 2.076368747744647 0.3560780115169764
40.0 50 0.707946 -16.960777509129404 -1.7207611093825028 -12.949921679687781 1.8260536351681371 0.6556183146971079
40.0 60 0.707946 -15.929220016833955 -1.5695487037966034 -12.02841823615018 1.4975161527844352 0.7587234389660329
40.0 70 0.707946 -17.233065624321828 -1.3690034735435974 -9.695436855159482 1.10462078941036 1.0154612925866113
40.0 80 0.707946 -15.739944675686614 -1.4090414789300996 -10.387144706402161 1.1687489618617506 0.8926035848920987
40.0 90 1.0 -12.520805941964143 -1.3713436371177359 -11.046137506317478 1.109533436311011 0.8017243991264467
40.0 100 1.0 -12.835416147120602 -1.2962034931048243 -10.282499610537648 1.0000000002756686 0.8999650904585191
40.0 110 0.707946 -16.66827519921511 -1.3097743688984396 -8.83992353371201 1.000110800987022 1.0595449314086085
40.0 120 0.707946 -19.421235440782418 -1.327888158408299 -7.917731489966593 1.0002072214628173 1.1680727207405084
40.0 130 1.0 -17.687148667537837 -1.3179766836239046 -8.386623349354789 1.000089713658286 1.0819512919606595
40.0 140 1.0 -15.208320690679196 -1.3348462875933007 -9.397605256539299 1.0288528289407664 0.9460719962817551
40.0 150 1.0 -17.226941424601293 -1.3221566384543875 -8.501139828365966 1.0000724031387933 1.0548434245417975
40.0 160 1.0 -17.958530702577868 -1.3218189542765904 -8.20232070612001 1.000109078861391 1.0769344179614866
40.0 170 1.0 -15.71114578661132 -1.315012598392123 -8.954701005979 1.000284189711125 0.9809268552876745
40.0 180 1.0 -15.742096054876994 -1.320652946914627 -8.985521700095074 1.003720824640864 0.9812617610214023
100.0 0 1e-100 -100.0 0.0 -100.0 1.0 0.0
100.0 10 1e-100 -100.0 0.0 -100.0 1.0 0.0
100.0 20 0.501187 -12.161657832857257 -1.773472456043452 -15.150494074627524 2.281544352520356 0.22737804233707923
100.0 30 0.707946 -13.978692108284239 -1.6358537658177366 -13.476894331782592 1.6870208306630905 0.6118828508242395
100.0 40 0.707946 -15.69642181666307 -1.3561883755025288 -10.592821652027668 1.0970150165441266 0.9740710143075002
100.0 50 1.0 -12.461299871819934 -1.2756029245460259 -10.870955108505449 1.0001551522655188 0.8768489469926056
100.0 60 1.0 -12.303030828299724 -1.326240567212631 -11.051764019915417 1.0383587413784883 0.8367920822688529
100.0 70 1.0 -16.17761449253892 -1.3138730097772156 -9.306967013678026 1.0005597542769666 1.0194209541081043
100.0 80 1.0 -15.908094662900059 -1.317155130736076 -9.270056108333218 1.0006713549708535 0.9867199210663539
100.0 90 1.0 -21.26708706387545 -1.3471212579992509 -7.489504273579111 1.0003789517737212 1.1926340754026041
100.0 100 0.707946 -24.99999999999998 -1.366770181978206 -6.319119696198642 1.0000000000000002 1.3132666552932504
100.0 110 1.0 -19.538174845363518 -1.3516923536475989 -7.941272446651654 1.0017822019055531 1.1088719410757448
100.0 120 0.707946 -24.99999999999992 -1.372739726025303 -6.226318285082791 1.0000000000000018 1.296344716663336
100.0 130 0.707946 -24.99999999999998 -1.3812125134955704 -6.268385851269643 1.0000000000000007 1.2965795963482059
100.0 140 1.0 -22.373429562050436 -1.368711307938987 -6.950413505081658 1.0007096394340897 1.1939816576644127
100.0 150 1.0 -24.999999999999975 -1.3839623977923676 -6.215591071446283 1.0000000000008318 1.2878860590806065
100.0 160 1.0 -23.524021979655952 -1.3740879896105185 -6.554557576459478 1.0000941257005032 1.224205132835949
100.0 170 0.707946 -24.999999999999854 -1.3924518182709003 -6.281420318685489 1.0000000000000002 1.2930123343191315
100.0 180 0.707946 -24.999999999999996 -1.3936023388039684 -6.291984643274758 1.0000000000000002 1.2946169571606012
