#eta_eta0 | theta | x_cut | A0 | A1 | A2 | A3 | A4 | F = 10^( A0*X**(A1 + log_10(X)) ), X = -A3*(log_10(x)-A4)
1.1 0 1e-100 -100.0 0.0 -100.0 1.0 0.0
1.1 10 1e-100 -100.0 0.0 -100.0 1.0 0.0
1.1 20 1e-100 -100.0 0.0 -100.0 1.0 0.0
1.1 30 1e-100 -100.0 0.0 -100.0 1.0 0.0
1.1 40 1e-100 -100.0 0.0 -100.0 1.0 0.0
1.1 50 1e-100 -100.0 0.0 -100.0 1.0 0.0
1.1 60 1e-100 -100.0 0.0 -100.0 1.0 0.0
1.1 70 1e-100 -100.0 0.0 -100.0 1.0 0.0
1.1 80 1e-100 -100.0 0.0 -100.0 1.0 0.0
1.1 90 1e-100 -100.0 0.0 -100.0 1.0 0.0
1.1 100 1e-100 -100.0 0.0 -100.0 1.0 0.0
1.1 110 1e-100 -100.0 0.0 -100.0 1.0 0.0
1.1 120 1e-100 -100.0 0.0 -100.0 1.0 0.0
1.1 130 1e-100 -100.0 0.0 -100.0 1.0 0.0
1.1 140 1e-100 -100.0 0.0 -100.0 1.0 0.0
1.1 150 1e-100 -100.0 0.0 -100.0 1.0 0.0
1.1 160 0.177828 -7.115948654637588 -2.071999044664354 -16.275453606762007 5.1786521639442595 -0.6131916103673257
1.1 170 0.177828 -6.953394468989684 -2.063846852908164 -15.986807635859389 4.909970450828466 -0.5847980211375157
1.1 180 0.177828 -6.910672596059039 -2.0636035979499487 -15.923409647526267 4.914450920031584 -0.5832459059572455
1.2 0 1e-100 -100.0 0.0 -100.0 1.0 0.0
1.2 10 1e-100 -100.0 0.0 -100.0 1.0 0.0
1.2 20 1e-100 -100.0 0.0 -100.0 1.0 0.0
1.2 30 1e-100 -100.0 0.0 -100.0 1.0 0.0
1.2 40 1e-100 -100.0 0.0 -100.0 1.0 0.0
1.2 50 1e-100 -100.0 0.0 -100.0 1.0 0.0
1.2 60 1e-100 -100.0 0.0 -100.0 1.0 0.0
1.2 70 1e-100 -100.0 0.0 -100.0 1.0 0.0
1.2 80 1e-100 -100.0 0.0 -100.0 1.0 0.0
1.2 90 1e-100 -100.0 0.0 -100.0 1.0 0.0
1.2 100 1e-100 -100.0 0.0 -100.0 1.0 0.0
1.2 110 1e-100 -100.0 0.0 -100.0 1.0 0.0
1.2 120 1e-100 -100.0 0.0 -100.0 1.0 0.0
1.2 130 1e-100 -100.0 0.0 -100.0 1.0 0.0
1.2 140 0.177828 -7.13498530097912 -2.0897361975736723 -16.468447971420204 5.273745211740865 -0.6231219075202161
1.2 150 0.251189 -9.741217857200866 -2.0671952786153094 -15.5755621231471 4.710964968868731 -0.491261266564179
1.2 160 0.251189 -10.207326831333756 -2.0643636600541293 -15.336053786685557 4.640692145380286 -0.45422822095585047
1.2 170 0.251189 -10.429476261631551 -2.0003793455479895 -15.084434384708127 4.343773318130967 -0.4056037367062579
1.2 180 0.251189 -10.316785504409772 -2.04022412065801 -15.161344136086962 4.357480866445476 -0.4057811859449048
1.3 0 1e-100 -100.0 0.0 -100.0 1.0 0.0
1.3 10 1e-100 -100.0 0.0 -100.0 1.0 0.0
1.3 20 1e-100 -100.0 0.0 -100.0 1.0 0.0
1.3 30 1e-100 -100.0 0.0 -100.0 1.0 0.0
1.3 40 1e-100 -100.0 0.0 -100.0 1.0 0.0
1.3 50 1e-100 -100.0 0.0 -100.0 1.0 0.0
1.3 60 1e-100 -100.0 0.0 -100.0 1.0 0.0
1.3 70 1e-100 -100.0 0.0 -100.0 1.0 0.0
1.3 80 1e-100 -100.0 0.0 -100.0 1.0 0.0
1.3 90 1e-100 -100.0 0.0 -100.0 1.0 0.0
1.3 100 1e-100 -100.0 0.0 -100.0 1.0 0.0
1.3 110 1e-100 -100.0 0.0 -100.0 1.0 0.0
1.3 120 1e-100 -100.0 0.0 -100.0 1.0 0.0
1.3 130 0.177828 -7.040774481117605 -2.0864092424522878 -16.359490987250222 5.189078078913759 -0.6160887896888065
1.3 140 0.251189 -10.249957822735924 -2.050600392191609 -15.396721166458386 4.643306124045162 -0.459964893015246
1.3 150 0.251189 -10.315254044828214 -2.037198323391944 -15.157565824526378 4.351306094396155 -0.4017284354357239
1.3 160 0.251189 -9.459210369794627 -2.002342107014082 -15.062816919164879 4.0305189188744315 -0.36973730780991443
1.3 170 0.251189 -9.514136033254976 -1.9675182789512626 -14.927700459790742 3.9225315969569503 -0.34854260801583736
1.3 180 0.251189 -9.371239442251559 -1.9875362770742828 -14.972907030344741 3.910716271470126 -0.34676090429030976
1.4 0 1e-100 -100.0 0.0 -100.0 1.0 0.0
1.4 10 1e-100 -100.0 0.0 -100.0 1.0 0.0
1.4 20 1e-100 -100.0 0.0 -100.0 1.0 0.0
1.4 30 1e-100 -100.0 0.0 -100.0 1.0 0.0
1.4 40 1e-100 -100.0 0.0 -100.0 1.0 0.0
1.4 50 1e-100 -100.0 0.0 -100.0 1.0 0.0
1.4 60 1e-100 -100.0 0.0 -100.0 1.0 0.0
1.4 70 1e-100 -100.0 0.0 -100.0 1.0 0.0
1.4 80 1e-100 -100.0 0.0 -100.0 1.0 0.0
1.4 90 1e-100 -100.0 0.0 -100.0 1.0 0.0
1.4 100 1e-100 -100.0 0.0 -100.0 1.0 0.0
1.4 110 1e-100 -100.0 0.0 -100.0 1.0 0.0
1.4 120 0.177828 -7.2756150073118935 -2.122672925125958 -16.81956475132567 5.447827278278787 -0.6385074764149549
1.4 130 0.251189 -9.711649657060534 -2.0305797959066205 -15.426601163623852 4.554750135190536 -0.4627688024537723
1.4 140 0.251189 -10.53332371556187 -2.039815144483856 -15.124025380172796 4.3019731959551475 -0.38246643129812996
1.4 150 0.251189 -9.608332877916762 -1.940923326308482 -14.86176504251533 3.846769437395107 -0.3330566168852233
1.4 160 0.251189 -9.53203533235242 -1.9608866856250529 -14.85081264632164 3.7896840746910803 -0.3133254735128792
1.4 170 0.251189 -9.60574631270989 -1.9511148299682073 -14.78469257922456 3.743497012218734 -0.2981844127093117
1.4 180 0.354813 -11.26556116477654 -2.0036182728736893 -14.722252765205312 3.925686704404947 -0.27943886612872415
1.5 0 1e-100 -100.0 0.0 -100.0 1.0 0.0
1.5 10 1e-100 -100.0 0.0 -100.0 1.0 0.0
1.5 20 1e-100 -100.0 0.0 -100.0 1.0 0.0
1.5 30 1e-100 -100.0 0.0 -100.0 1.0 0.0
1.5 40 1e-100 -100.0 0.0 -100.0 1.0 0.0
1.5 50 1e-100 -100.0 0.0 -100.0 1.0 0.0
1.5 60 1e-100 -100.0 0.0 -100.0 1.0 0.0
1.5 70 1e-100 -100.0 0.0 -100.0 1.0 0.0
1.5 80 1e-100 -100.0 0.0 -100.0 1.0 0.0
1.5 90 1e-100 -100.0 0.0 -100.0 1.0 0.0
1.5 100 1e-100 -100.0 0.0 -100.0 1.0 0.0
1.5 110 1e-100 -100.0 0.0 -100.0 1.0 0.0
1.5 120 0.251189 -9.705397944595395 -2.0762530327986037 -15.666594519573946 4.774166592549835 -0.494886998686859
1.5 130 0.251189 -10.426049064846822 -2.0070291611085342 -15.099645959065322 4.270829504430277 -0.3839548476759275
1.5 140 0.251189 -9.44540062745273 -1.9724293070173728 -14.95950888927573 3.842871358377872 -0.32937762435257856
1.5 150 0.251189 -9.597038716626093 -1.9566541848202144 -14.814774707041263 3.718679923683357 -0.29304839449350056
1.5 160 0.354813 -11.058606973967017 -2.0323563626606282 -14.797018640771656 4.076963676845693 -0.2927023507074787
1.5 170 0.354813 -10.812471681915722 -2.0168205167793736 -14.738503652135309 3.7263622327825576 -0.24425697472959132
1.5 180 0.354813 -10.917529335321749 -1.9712977574356318 -14.607326243805591 3.7248977417660827 -0.2412124368697565
1.6 0 1e-100 -100.0 0.0 -100.0 1.0 0.0
1.6 10 1e-100 -100.0 0.0 -100.0 1.0 0.0
1.6 20 1e-100 -100.0 0.0 -100.0 1.0 0.0
1.6 30 1e-100 -100.0 0.0 -100.0 1.0 0.0
1.6 40 1e-100 -100.0 0.0 -100.0 1.0 0.0
1.6 50 1e-100 -100.0 0.0 -100.0 1.0 0.0
1.6 60 1e-100 -100.0 0.0 -100.0 1.0 0.0
1.6 70 1e-100 -100.0 0.0 -100.0 1.0 0.0
1.6 80 1e-100 -100.0 0.0 -100.0 1.0 0.0
1.6 90 1e-100 -100.0 0.0 -100.0 1.0 0.0
1.6 100 1e-100 -100.0 0.0 -100.0 1.0 0.0
1.6 110 0.177828 -6.946649625574241 -2.097326300757663 -16.389082620260528 5.105780276687645 -0.6083077280036456
1.6 120 0.251189 -10.369829106760093 -2.0343495280177266 -15.267411052321082 4.355002448317959 -0.4048284888412264
1.6 130 0.251189 -9.451197746705962 -1.97950938402225 -15.015754740047928 3.8915218814036363 -0.33931622912897463
1.6 140 0.251189 -9.776560778314265 -1.9259016436133833 -14.73151072632172 3.672482285433665 -0.28112248103535054
1.6 150 0.354813 -10.127990515023253 -1.9067314878580226 -14.552377243625946 3.4453315464296814 -0.2222569429961305
1.6 160 0.354813 -9.441947122864207 -1.8934088373564906 -14.552247773179781 3.306533128213387 -0.20717295339496497
1.6 170 0.354813 -9.208183614336896 -1.8709988119057086 -14.488451413432916 3.1677952111574914 -0.18458087385603514
1.6 180 0.354813 -9.169897839259157 -1.8623108892043443 -14.460185191503449 3.138181074443871 -0.17823207526263404
1.7 0 1e-100 -100.0 0.0 -100.0 1.0 0.0
1.7 10 1e-100 -100.0 0.0 -100.0 1.0 0.0
1.7 20 1e-100 -100.0 0.0 -100.0 1.0 0.0
1.7 30 1e-100 -100.0 0.0 -100.0 1.0 0.0
1.7 40 1e-100 -100.0 0.0 -100.0 1.0 0.0
1.7 50 1e-100 -100.0 0.0 -100.0 1.0 0.0
1.7 60 1e-100 -100.0 0.0 -100.0 1.0 0.0
1.7 70 1e-100 -100.0 0.0 -100.0 1.0 0.0
1.7 80 1e-100 -100.0 0.0 -100.0 1.0 0.0
1.7 90 1e-100 -100.0 0.0 -100.0 1.0 0.0
1.7 100 1e-100 -100.0 0.0 -100.0 1.0 0.0
1.7 110 0.251189 -9.684490873710331 -2.0645198458434297 -15.622744034795884 4.672692092005176 -0.47916269292777586
1.7 120 0.251189 -9.584662565497876 -1.9823273779697197 -15.097314461174541 4.000254696427797 -0.3600473177165417
1.7 130 0.251189 -9.421615468084969 -1.9887868874064134 -14.968088135853339 3.7664518244723495 -0.30318909928155824
1.7 140 0.354813 -10.029380788879179 -1.9291110133013143 -14.644244961445507 3.490772463366145 -0.22920211726660936
1.7 150 0.354813 -9.201311211876316 -1.8564736158705522 -14.480662094697246 3.163624267977995 -0.1842482285156147
1.7 160 0.354813 -9.124138987538405 -1.8571544264749518 -14.433960197235779 3.0731486453233963 -0.16097129337216012
1.7 170 0.354813 -9.17534906988552 -1.8172141633346472 -14.278334875506738 2.949934870072284 -0.13154183424655658
1.7 180 0.354813 -8.986590001735967 -1.8448501823145356 -14.372377007665076 2.9580291551423246 -0.13338759680341178
1.8 0 1e-100 -100.0 0.0 -100.0 1.0 0.0
1.8 10 1e-100 -100.0 0.0 -100.0 1.0 0.0
1.8 20 1e-100 -100.0 0.0 -100.0 1.0 0.0
1.8 30 1e-100 -100.0 0.0 -100.0 1.0 0.0
1.8 40 1e-100 -100.0 0.0 -100.0 1.0 0.0
1.8 50 1e-100 -100.0 0.0 -100.0 1.0 0.0
1.8 60 1e-100 -100.0 0.0 -100.0 1.0 0.0
1.8 70 1e-100 -100.0 0.0 -100.0 1.0 0.0
1.8 80 1e-100 -100.0 0.0 -100.0 1.0 0.0
1.8 90 1e-100 -100.0 0.0 -100.0 1.0 0.0
1.8 100 0.177828 -7.150850935003683 -2.122458585059039 -16.763164989725908 5.388056525675905 -0.6330878307180869
1.8 110 0.251189 -10.377418910913354 -2.0332169364354127 -15.297765721975539 4.399473445375615 -0.40848635551710616
1.8 120 0.251189 -9.420265474324992 -1.9829849462595561 -15.031561601452019 3.8129648377513448 -0.31978927794776146
1.8 130 0.354813 -10.897154675921472 -2.006870267029562 -14.799586904324336 3.831605745472616 -0.2599201355439776
1.8 140 0.354813 -9.171025903416611 -1.877458895864193 -14.55951502944629 3.199019471952415 -0.19162051272712854
1.8 150 0.354813 -9.15439819302739 -1.8629479951625876 -14.442151920848719 3.071513160851752 -0.1543270189362412
1.8 160 0.354813 -8.92642334767369 -1.812810053840427 -14.274040281849134 2.8451118483950357 -0.10782334946287869
1.8 170 0.354813 -8.832096305526338 -1.833138788363632 -14.305015706899685 2.846876837850562 -0.10535523231590972
1.8 180 0.354813 -8.799559904855425 -1.8296171518396014 -14.290209639004136 2.812828800862665 -0.09567839719096441
1.9 0 1e-100 -100.0 0.0 -100.0 1.0 0.0
1.9 10 1e-100 -100.0 0.0 -100.0 1.0 0.0
1.9 20 1e-100 -100.0 0.0 -100.0 1.0 0.0
1.9 30 1e-100 -100.0 0.0 -100.0 1.0 0.0
1.9 40 1e-100 -100.0 0.0 -100.0 1.0 0.0
1.9 50 1e-100 -100.0 0.0 -100.0 1.0 0.0
1.9 60 1e-100 -100.0 0.0 -100.0 1.0 0.0
1.9 70 1e-100 -100.0 0.0 -100.0 1.0 0.0
1.9 80 1e-100 -100.0 0.0 -100.0 1.0 0.0
1.9 90 1e-100 -100.0 0.0 -100.0 1.0 0.0
1.9 100 0.177828 -6.918651184594535 -2.068505363999158 -16.064866191038842 4.823176610605878 -0.570181699190266
1.9 110 0.251189 -10.505371350179406 -2.015622812276547 -15.128979573795041 4.162879837053257 -0.3579558940375288
1.9 120 0.251189 -9.483035268851829 -1.9818991607912582 -14.960915881696573 3.706316718619037 -0.2882935190173957
1.9 130 0.354813 -9.17216586857527 -1.8560067285188442 -14.552011915240358 3.1263007995637917 -0.1810390655413881
1.9 140 0.354813 -9.188004961585333 -1.8530830099512827 -14.436084698875634 3.066432700595931 -0.15415875926683736
1.9 150 0.354813 -8.938922058199886 -1.806500172817525 -14.253374915427527 2.847307842487203 -0.10728900786254372
1.9 160 0.354813 -10.064169845018668 -1.8614037549232334 -14.194699080710924 2.9864913364428065 -0.0853783055056381
1.9 170 0.354813 -8.950344524166011 -1.7867238983380769 -14.103806950749561 2.7166524155373697 -0.06188112132720923
1.9 180 0.354813 -8.985816562235053 -1.7773103649836166 -14.06163560203722 2.7205897491650664 -0.06164247809221607
2.0 0 1e-100 -100.0 0.0 -100.0 1.0 0.0
2.0 10 1e-100 -100.0 0.0 -100.0 1.0 0.0
2.0 20 1e-100 -100.0 0.0 -100.0 1.0 0.0
2.0 30 1e-100 -100.0 0.0 -100.0 1.0 0.0
2.0 40 1e-100 -100.0 0.0 -100.0 1.0 0.0
2.0 50 1e-100 -100.0 0.0 -100.0 1.0 0.0
2.0 60 1e-100 -100.0 0.0 -100.0 1.0 0.0
2.0 70 1e-100 -100.0 0.0 -100.0 1.0 0.0
2.0 80 1e-100 -100.0 0.0 -100.0 1.0 0.0
2.0 90 1e-100 -100.0 0.0 -100.0 1.0 0.0
2.0 100 0.251189 -10.37317682473009 -2.0340841646446606 -15.440690277538438 4.472059850193847 -0.4288172256770628
2.0 110 0.251189 -9.480802925596192 -1.9671923941369445 -15.043618344125525 3.8067972052338677 -0.3200572841927519
2.0 120 0.354813 -9.625683272941778 -1.9152404896727866 -14.72724934355307 3.3868823640682093 -0.22337910431794153
2.0 130 0.354813 -9.156648237982246 -1.8545837659364481 -14.50013530415046 3.09104762529843 -0.16498039601781297
2.0 140 0.354813 -8.921624914564827 -1.795756571014581 -14.252824025962742 2.806282501169948 -0.0989281991519376
2.0 150 0.354813 -8.849538204926215 -1.8029165646039929 -14.20589629989455 2.768682211317532 -0.07866873900388355
2.0 160 0.354813 -8.870438233228002 -1.8105421080967354 -14.169630729254337 2.7174796079050823 -0.0551771811265977
2.0 170 0.354813 -8.976446764849575 -1.786585384180605 -14.061725311914115 2.6825490782745747 -0.03894100885723665
2.0 180 0.354813 -8.900942395059168 -1.797187904909696 -14.095246024390498 2.659727504758178 -0.03126747794118546
3.0 0 1e-100 -100.0 0.0 -100.0 1.0 0.0
3.0 10 1e-100 -100.0 0.0 -100.0 1.0 0.0
3.0 20 1e-100 -100.0 0.0 -100.0 1.0 0.0
3.0 30 1e-100 -100.0 0.0 -100.0 1.0 0.0
3.0 40 1e-100 -100.0 0.0 -100.0 1.0 0.0
3.0 50 1e-100 -100.0 0.0 -100.0 1.0 0.0
3.0 60 1e-100 -100.0 0.0 -100.0 1.0 0.0
3.0 70 1e-100 -100.0 0.0 -100.0 1.0 0.0
3.0 80 0.251189 -10.389518328843632 -2.041527255818288 -15.46482769383693 4.261667565519655 -0.3803072024938888
3.0 90 0.354813 -9.337403710017368 -1.9127994979709735 -14.933552356779574 3.394893268956618 -0.2334554323653192
3.0 100 0.354813 -8.926540464618965 -1.7993515857716962 -14.449641669283125 2.8628817125611246 -0.11248755116700475
3.0 110 0.354813 -10.343665332068971 -1.841036260665386 -14.181365174704196 2.8547198042999167 -0.026480890573423614
3.0 120 0.501187 -9.443726805395992 -1.918791605800336 -14.497851762506901 3.0174324677296633 -0.05106635961223604
3.0 130 0.501187 -9.266159565833163 -1.861610724170914 -14.445858953297986 2.7689300185999937 0.01502631004941109
3.0 140 0.501187 -9.428925846111076 -1.8311383904499772 -14.393305899315058 2.5973012087319622 0.06665459419638535
3.0 150 0.501187 -11.363989919325993 -1.8191731913614961 -14.054058937902248 2.5524601987057576 0.13658018040915465
3.0 160 0.501187 -9.924856159068908 -1.7100948474853233 -13.872328648274602 2.2004211291422737 0.18063833302906346
3.0 170 0.501187 -9.879508947989299 -1.703733928727066 -13.836401742739666 2.1323047238059103 0.20135434425905976
3.0 180 0.501187 -9.812715606701142 -1.7128118071751122 -13.874142301600942 2.1183038106452283 0.20552250287304072
4.0 0 1e-100 -100.0 0.0 -100.0 1.0 0.0
4.0 10 1e-100 -100.0 0.0 -100.0 1.0 0.0
4.0 20 1e-100 -100.0 0.0 -100.0 1.0 0.0
4.0 30 1e-100 -100.0 0.0 -100.0 1.0 0.0
4.0 40 1e-100 -100.0 0.0 -100.0 1.0 0.0
4.0 50 1e-100 -100.0 0.0 -100.0 1.0 0.0
4.0 60 1e-100 -100.0 0.0 -100.0 1.0 0.0
4.0 70 0.251189 -10.584704673227828 -2.0174767643902802 -15.386682627241916 4.0859007438419015 -0.33441868811839237
4.0 80 0.354813 -9.318763344739512 -1.8374342800988517 -14.71956004142419 3.0447281215088613 -0.14929929065534323
4.0 90 0.354813 -9.689716216207776 -1.8512790276066635 -14.438105420349455 2.850602117398644 -0.04649439758679827
4.0 100 0.501187 -9.494360328873091 -1.9148283122825926 -14.631359466289094 2.943797711006049 -0.024236610942028135
4.0 110 0.501187 -9.459006983726242 -1.8354625195797931 -14.521490196777577 2.5038499721449576 0.0960942074065277
4.0 120 0.501187 -10.1854668145306 -1.6966754427357174 -13.872066632153025 2.103015424113694 0.2254137187446849
4.0 130 0.501187 -10.230063960329463 -1.6222409313832764 -13.520151202581346 1.9030447503946255 0.2959901445061888
4.0 140 0.501187 -11.266403752460395 -1.6857408083481433 -13.513813108134942 1.9548658872976676 0.3462333748199805
4.0 150 0.501187 -11.407222090116056 -1.597101296272656 -12.97868080689883 1.780893633546174 0.41128132129893824
4.0 160 0.707946 -12.739927920694162 -1.9281756481697157 -14.098069297170637 2.57300915717425 0.20282715540702695
4.0 170 0.707946 -12.677300142501414 -1.8918026680645375 -13.937738208983808 2.3997704037167034 0.2542650804354059
4.0 180 0.707946 -12.586188210236065 -1.8891157002924455 -13.937746263366495 2.4109399767985833 0.25005302281622016
5.0 0 1e-100 -100.0 0.0 -100.0 1.0 0.0
5.0 10 1e-100 -100.0 0.0 -100.0 1.0 0.0
5.0 20 1e-100 -100.0 0.0 -100.0 1.0 0.0
5.0 30 1e-100 -100.0 0.0 -100.0 1.0 0.0
5.0 40 1e-100 -100.0 0.0 -100.0 1.0 0.0
5.0 50 1e-100 -100.0 0.0 -100.0 1.0 0.0
5.0 60 0.251189 -10.50393104465416 -2.0169762796966224 -15.601936282276217 4.238750948068134 -0.37228276321695164
5.0 70 0.354813 -8.813344062379267 -1.8375935731127877 -14.896226857440311 2.9915325142481852 -0.15528484906659532
5.0 80 0.354813 -8.908699837299336 -1.8078125260189273 -14.494671341326036 2.677882639732585 -0.027077632894176883
5.0 90 0.501187 -9.535515398391492 -1.856637936352412 -14.628124686456298 2.7239429164183844 0.03686109276058032
5.0 100 0.501187 -10.205520547157361 -1.7032153941051034 -14.00795281825547 2.165672992513104 0.20353465345380659
5.0 110 0.501187 -10.291247415547362 -1.649889226986512 -13.70785678504801 1.9208408062989997 0.3005278181726564
5.0 120 0.501187 -11.212219900505609 -1.5811720775936566 -13.039325437578258 1.752772266958511 0.41419794155199263
5.0 130 0.707946 -12.128483994978769 -1.8556941190915113 -13.951428806814244 2.3489639456577325 0.25845814097080827
5.0 140 0.707946 -12.484822723213568 -1.8583222251660838 -13.860246801629538 2.3298185075249527 0.28841299935041204
5.0 150 0.707946 -12.269244979871079 -1.8924786524543467 -13.96274441150886 2.3863722176614166 0.27695767194854204
5.0 160 0.707946 -14.53077535283609 -1.8654452692075718 -13.513349498375618 2.3148329462203634 0.36954416379067817
5.0 170 0.707946 -13.556393015697322 -1.8536483386919793 -13.584496887429326 2.2987857262687412 0.34899361043772864
5.0 180 0.707946 -12.177266004568853 -1.7602233803801726 -13.406357028971966 2.0855516645115855 0.37709459162094516
6.0 0 1e-100 -100.0 0.0 -100.0 1.0 0.0
6.0 10 1e-100 -100.0 0.0 -100.0 1.0 0.0
6.0 20 1e-100 -100.0 0.0 -100.0 1.0 0.0
6.0 30 1e-100 -100.0 0.0 -100.0 1.0 0.0
6.0 40 1e-100 -100.0 0.0 -100.0 1.0 0.0
6.0 50 0.177828 -7.336897920004423 -2.1158506909059285 -16.985203095786208 5.257166793479429 -0.6107971058703751
6.0 60 0.354813 -9.05700872132827 -1.890329182580245 -15.215632228620487 3.3535145120514063 -0.23661083563270832
6.0 70 0.354813 -9.041264500671042 -1.7784934635564191 -14.508610543592422 2.6664010849895243 -0.03519556646852436
6.0 80 0.501187 -9.661609324984868 -1.8765676503574158 -14.736147689122111 2.7664461736770773 0.030637244875030535
6.0 90 0.501187 -10.264893479253415 -1.7036059652923652 -14.062851482310595 2.125183966489607 0.22073406254444772
6.0 100 0.501187 -10.218874815763284 -1.6176441974721578 -13.622424816465749 1.8232037606997578 0.3505252425481063
6.0 110 0.707946 -11.912350826403252 -1.922117923691037 -14.300582028114466 2.4422920167439934 0.22398439404345488
6.0 120 0.707946 -14.487558774733857 -1.8959729800917982 -13.798314972342896 2.4232546492448708 0.32326915455536825
6.0 130 0.707946 -14.101396120590456 -1.8770715196320977 -13.68761018122885 2.3552077896039534 0.34388921929447847
6.0 140 0.707946 -12.458871950577924 -1.7709290944514757 -13.470614767220429 2.086458543173494 0.3945678668072337
6.0 150 0.707946 -12.030888877417231 -1.7160133566461147 -13.316215081353016 1.8907099624689345 0.4610497291734795
6.0 160 0.707946 -12.119831529413183 -1.6831489232461658 -13.16891178744236 1.845076752354172 0.4811762465525969
6.0 170 0.707946 -11.92641804943761 -1.6819636782628022 -13.19001633061037 1.8073427422625774 0.4939418408699531
6.0 180 0.707946 -11.97475769890167 -1.664942033984837 -13.097036990518896 1.7641446825098066 0.518245490034574
7.0 0 1e-100 -100.0 0.0 -100.0 1.0 0.0
7.0 10 1e-100 -100.0 0.0 -100.0 1.0 0.0
7.0 20 1e-100 -100.0 0.0 -100.0 1.0 0.0
7.0 30 1e-100 -100.0 0.0 -100.0 1.0 0.0
7.0 40 1e-100 -100.0 0.0 -100.0 1.0 0.0
7.0 50 0.251189 -9.597668852335488 -1.9946910197211092 -15.787356790033758 4.124055009300727 -0.3813906301169562
7.0 60 0.354813 -9.655583033924529 -1.8487648625782531 -14.85653875174853 2.9548179647501094 -0.10342069957307688
7.0 70 0.501187 -10.21342615404194 -1.9032071299641449 -14.741204906711896 2.9626593246510344 -0.00887416694291746
7.0 80 0.501187 -10.01208829038346 -1.7597531860131315 -14.39783253812139 2.2664137901157493 0.1701270765652554
7.0 90 0.501187 -10.212721643363126 -1.6705451789105294 -13.913431658368314 1.9042005532460788 0.32165833755777756
7.0 100 0.707946 -11.846996818770926 -1.9348769558475087 -14.393879738612526 2.465535671110555 0.21862963541467406
7.0 110 0.707946 -14.450338398333185 -1.9077360892846933 -13.875751164086306 2.4420118585172963 0.3255040209056035
7.0 120 0.707946 -12.239570705017034 -1.752881863474034 -13.492603844396887 2.039540816935789 0.4040218849466106
7.0 130 0.707946 -12.196275486371048 -1.7258655709586503 -13.405950178493287 1.9036512052148915 0.461448506309891
7.0 140 0.707946 -12.078885510208334 -1.6625468293315515 -13.113300407434123 1.7438350199791752 0.5352932845050831
7.0 150 0.707946 -13.810862402551866 -1.7248257804606362 -13.043449175365643 1.862570772033196 0.555906821941501
7.0 160 0.707946 -14.929984889498238 -1.7673153882255195 -13.030802550445916 1.948925269843835 0.5606717787859213
7.0 170 0.707946 -12.093365542054089 -1.6697881773908587 -13.059153456379645 1.7150931452034925 0.573475501584438
7.0 180 0.707946 -12.278384246250493 -1.654587842471573 -12.949857333328843 1.713083578190837 0.5777533638091752
8.0 0 1e-100 -100.0 0.0 -100.0 1.0 0.0
8.0 10 1e-100 -100.0 0.0 -100.0 1.0 0.0
8.0 20 1e-100 -100.0 0.0 -100.0 1.0 0.0
8.0 30 1e-100 -100.0 0.0 -100.0 1.0 0.0
8.0 40 1e-100 -100.0 0.0 -100.0 1.0 0.0
8.0 50 0.251189 -9.786606551242297 -1.9219105090007835 -15.400894406614018 3.63617925906241 -0.2730000020081043
8.0 60 0.354813 -8.931498044271851 -1.8187422221018807 -14.751616705106546 2.715636320517672 -0.0438847487012327
8.0 70 0.501187 -9.960922688539137 -1.8587584916894149 -14.82555074951028 2.711062729145221 0.05820752978834682
8.0 80 0.501187 -10.597676469694154 -1.6582747105726863 -13.89134901090166 1.9617897299293927 0.2940585869795823
8.0 90 0.707946 -12.056850159147714 -1.967627874583164 -14.55876570302256 2.555833100614977 0.19471389429823424
8.0 100 0.707946 -14.453525585428778 -1.8847666310372642 -13.84773837863125 2.429867762322992 0.32776134469801055
8.0 110 0.707946 -14.73270010952847 -1.8414722537651722 -13.560369456278 2.288292516946087 0.39307546418923445
8.0 120 0.707946 -12.647078238996674 -1.7298832217846416 -13.389809499165409 1.8810845419510742 0.49327094130546045
8.0 130 0.707946 -13.933503615000612 -1.7527336620814769 -13.207567842613004 1.8913748103431847 0.5522589622624572
8.0 140 0.707946 -14.086007468712824 -1.7070623450567728 -12.91614120065095 1.83371598649247 0.5882866956709798
8.0 150 0.707946 -14.625049753761392 -1.7731465252413097 -13.12101448087469 1.9294048889898414 0.5585787931000321
8.0 160 0.707946 -15.742192193106312 -1.7772663799681367 -12.962351006154108 1.949040950195423 0.576441202750407
8.0 170 0.707946 -14.183571381500975 -1.7293360390916397 -12.975444041156212 1.824868332303242 0.5791495586333122
8.0 180 0.707946 -14.763021353439902 -1.7228942097834226 -12.838305051174277 1.8195475074239276 0.6005706090269057
9.0 0 1e-100 -100.0 0.0 -100.0 1.0 0.0
9.0 10 1e-100 -100.0 0.0 -100.0 1.0 0.0
9.0 20 1e-100 -100.0 0.0 -100.0 1.0 0.0
9.0 30 1e-100 -100.0 0.0 -100.0 1.0 0.0
9.0 40 0.177828 -7.727056993930863 -2.122408297083619 -17.50854762727207 5.577166847864762 -0.6349302932981375
9.0 50 0.354813 -8.702907644069946 -1.818697565661378 -15.1520832796328 2.9821821209305366 -0.164450947991511
9.0 60 0.501187 -10.506520304898846 -1.9433076727725012 -14.910029426710654 3.111388346417264 -0.03804740488864416
9.0 70 0.501187 -10.150507495497315 -1.748777402056941 -14.427974083334371 2.1943863802322428 0.1990577936414475
9.0 80 0.501187 -10.452008195711336 -1.601986755852822 -13.569137236630207 1.746799189046793 0.3900945783232929
9.0 90 0.707946 -12.890029504134558 -1.8814462202182916 -14.131118088534476 2.386366626067375 0.28745520176321543
9.0 100 0.707946 -14.69913671759996 -1.8607177884351063 -13.687144047720787 2.290367046341558 0.39415349042896586
9.0 110 0.707946 -12.083846667502815 -1.6511477997534738 -13.183351566387742 1.7492746422074412 0.5266866001669591
9.0 120 0.707946 -14.10710383980951 -1.7280949951175804 -13.093389660062407 1.8786038900777444 0.5638187064680504
9.0 130 0.707946 -14.550080050735687 -1.7261903162993042 -12.962928595434336 1.8181640957785783 0.615200717062818
9.0 140 0.707946 -14.514379032116693 -1.7093512151900403 -12.86363272535129 1.8015680980334212 0.5992313422726487
9.0 150 0.707946 -14.746379736050102 -1.729622793475022 -12.911430881457 1.8010371317799765 0.6057038063062365
9.0 160 0.707946 -13.777622761789662 -1.6394882112977485 -12.605578159555618 1.6558940624174099 0.6330464664357011
9.0 170 0.707946 -15.680308982055955 -1.6841910943200866 -12.461201397832983 1.7347264037474823 0.6611458966662073
9.0 180 0.707946 -14.556017110346058 -1.6598086772235476 -12.542872257714647 1.689569437453412 0.6434447666270098
10.0 0 1e-100 -100.0 0.0 -100.0 1.0 0.0
10.0 10 1e-100 -100.0 0.0 -100.0 1.0 0.0
10.0 20 1e-100 -100.0 0.0 -100.0 1.0 0.0
10.0 30 1e-100 -100.0 0.0 -100.0 1.0 0.0
10.0 40 0.251189 -10.323042371273667 -2.0237798298158918 -16.13562440816949 4.514153129154231 -0.43676601955337485
10.0 50 0.354813 -8.87294918538188 -1.8154026959600522 -15.001082621386141 2.821799562097734 -0.09768281515597772
10.0 60 0.501187 -10.238853374358264 -1.9053301466405237 -14.975931061191353 2.8465029652233134 0.03526040156364174
10.0 70 0.501187 -10.375809402895777 -1.6902822064678442 -14.158605567994641 1.9959167140240788 0.27598743204464826
10.0 80 0.707946 -12.959800787570328 -1.9299128635354492 -14.399945432507378 2.5062357156645714 0.2395073185074128
10.0 90 0.707946 -14.099350887290939 -1.823600821949713 -13.671038917919505 2.227012134787895 0.39204341455873964
10.0 100 0.707946 -12.398727324681436 -1.694101876363824 -13.376445543923417 1.8180051911069046 0.5119057949898692
10.0 110 0.707946 -14.654869505392462 -1.7533949531765716 -13.175139137014824 1.9384690824109243 0.5529131613473554
10.0 120 0.707946 -14.046507353944596 -1.7462985442401275 -13.188622679005078 1.8852872503981484 0.5558914647545761
10.0 130 0.707946 -14.383311599358164 -1.7154655673271477 -12.958838425783082 1.791643891158218 0.5976840337442955
10.0 140 1.0 -11.655750908194193 -1.6576952193370114 -13.199371395221984 1.6948733298790408 0.5343574098126314
10.0 150 0.707946 -13.987926762025888 -1.6194848646177167 -12.463606412945076 1.620604301366254 0.6553898565281854
10.0 160 0.707946 -14.666196882011787 -1.6702604612227205 -12.583676320990525 1.6841066929780917 0.6521243465187209
10.0 170 0.707946 -15.54156413146711 -1.6521067747734959 -12.290606543047698 1.6787322846733832 0.6788782864631078
10.0 180 0.707946 -14.660928417828508 -1.6368995115922036 -12.379680117112303 1.6447336898168268 0.6658351790977383
20.0 0 1e-100 -100.0 0.0 -100.0 1.0 0.0
20.0 10 1e-100 -100.0 0.0 -100.0 1.0 0.0
20.0 20 1e-100 -100.0 0.0 -100.0 1.0 0.0
20.0 30 0.251189 -10.734047515870097 -2.0125402492504745 -16.029663782402153 4.094001676670553 -0.32747005683815394
20.0 40 0.501187 -10.571536206910002 -1.8929467169167844 -15.137831723331052 3.0204558208183876 -0.01007126330913833
20.0 50 0.501187 -10.607813026375307 -1.6604127926132426 -14.225591719866241 1.891179092564719 0.3479784511247354
20.0 60 0.707946 -13.547727828517456 -1.8590163681264829 -14.202371885376822 2.310116582547806 0.3451406890501054
20.0 70 0.707946 -13.02286166743119 -1.7248198299598716 -13.631527265620916 1.8403569385329195 0.5391212780728833
20.0 80 0.707946 -13.022211649937521 -1.626128932574018 -13.064498384512117 1.6415767807964445 0.6167340655656154
20.0 90 0.707946 -13.937918064047352 -1.5837676044828242 -12.52706931670103 1.5448540396096535 0.6971996407898712
20.0 100 0.707946 -13.698410846402902 -1.3455951586735946 -10.793570688555054 1.1226475385383121 0.9017395886027421
20.0 110 1.0 -12.007623387087015 -1.4147433608012365 -11.763915581847355 1.227900051077366 0.729561927785809
20.0 120 0.707946 -16.459654919370394 -1.5384670918195573 -11.26225218595494 1.4101299601587793 0.7857997676359116
20.0 130 1.0 -12.708460922125978 -1.4436837666965188 -11.59135634058785 1.2537567471569055 0.7393196687790672
20.0 140 1.0 -13.201760819296167 -1.4039799593909188 -11.11779381385974 1.1820168336031422 0.8116019917765875
20.0 150 1.0 -12.707077499801091 -1.4693772626944246 -11.662862451828364 1.2630161166647416 0.7389542529097214
20.0 160 1.0 -12.949165812937265 -1.4713909529127809 -11.583569672124883 1.268928992831052 0.7436329383897431
20.0 170 0.707946 -13.847189605927172 -1.3882433861440293 -10.709446048612387 1.138602171642792 0.8766842132818745
20.0 180 1.0 -12.783007402315514 -1.384313239471796 -11.041638110327247 1.1483035782606077 0.8183047172112279
30.0 0 1e-100 -100.0 0.0 -100.0 1.0 0.0
30.0 10 1e-100 -100.0 0.0 -100.0 1.0 0.0
30.0 20 1e-100 -100.0 0.0 -100.0 1.0 0.0
30.0 30 0.354813 -8.754155127087802 -1.8281268849617858 -15.377603989072243 2.7150406355614076 -0.04635325431935513
30.0 40 0.501187 -11.059868297007995 -1.6466177933537993 -14.269788867894501 1.8962271069948848 0.3551924699449621
30.0 50 0.707946 -15.074728503993047 -1.8710564243070351 -14.207927783647026 2.304167723427592 0.40082001950601465
30.0 60 0.707946 -13.11017993937885 -1.700105257883104 -13.60620607081806 1.7783485824291068 0.573577047539624
30.0 70 0.707946 -12.28506498306999 -1.5330300420471055 -12.823332199212732 1.4605282089829217 0.672939842650014
30.0 80 1.0 -12.344635784742142 -1.4973803385844238 -12.38116243888181 1.3278971028600024 0.6998432542103389
30.0 90 1.0 -14.685056601191414 -1.4723381119414294 -11.430776134569305 1.2938224470954736 0.7991133997844588
30.0 100 1.0 -12.167754795717256 -1.3504738607470168 -11.282561942949384 1.112662033438037 0.8126825464295525
30.0 110 1.0 -12.088484792269988 -1.3481048106696443 -11.20636415812158 1.0997614047050162 0.8192015543139108
30.0 120 1.0 -13.140752607940811 -1.4642872260947912 -11.550790869624954 1.243315196093987 0.7635273701929485
30.0 130 1.0 -13.875370018535326 -1.3289567751830926 -10.274944901557365 1.0557949311815944 0.925182190900124
30.0 140 1.0 -13.876901625587042 -1.3202305203624611 -10.146058617676962 1.0320119473749183 0.9428336732084734
30.0 150 1.0 -13.116305885447643 -1.3168466987699354 -10.356500220256207 1.0231625080253626 0.9099032541821217
30.0 160 0.707946 -16.496653257362116 -1.307339333325829 -8.988044375556141 1.000636630895532 1.0817036199711467
30.0 170 1.0 -12.667532837439571 -1.3490127710575208 -10.709258580604562 1.066753445732078 0.8459225694264723
30.0 180 1.0 -12.5523400129673 -1.3201980022518125 -10.546561707048644 1.038933592135463 0.8549306555508859
40.0 0 1e-100 -100.0 0.0 -100.0 1.0 0.0
40.0 10 1e-100 -100.0 0.0 -100.0 1.0 0.0
40.0 20 0.251189 -10.051564448603495 -2.012973534553313 -16.633495540206674 4.263845155335443 -0.39991424237970236
40.0 30 0.501187 -11.307884031788692 -1.8950487375843459 -15.458242868770236 2.771013672848771 0.08952322116314784
40.0 40 0.707946 -12.305597588639625 -1.844098447882396 -14.680201000754117 2.269661170439696 0.31618136994073204
40.0 50 0.707946 -12.681214271919583 -1.6802804609723774 -13.746913246262226 1.7579528473276325 0.5747904797537943
40.0 60 0.707946 -16.70313388203037 -1.7202302132540421 -13.072496486930504 1.7774700047825644 0.6748752459379538
40.0 70 1.0 -11.827358961762597 -1.4085838275639821 -12.098868007692511 1.2228253842646113 0.7259806188001515
40.0 80 1.0 -13.392071589354948 -1.4889081758549445 -11.979338747337234 1.3146732555114988 0.7339466248307827
40.0 90 1.0 -12.350521123829036 -1.3682380270609784 -11.376194547713222 1.1214028594807712 0.8178568553902937
40.0 100 1.0 -12.065570649054965 -1.393951445763363 -11.52865748734517 1.1492240037899073 0.7746324016686034
40.0 110 0.707946 -17.509744374535554 -1.4483927231521176 -10.113184808477092 1.1939071172434654 0.9605506733325332
40.0 120 1.0 -14.50873330408693 -1.304874068010452 -9.813241014500402 1.000109104305413 0.9904482344136396
40.0 130 1.0 -14.52057613482266 -1.3024311035795195 -9.722897183836729 1.0005053276772182 0.975349414910076
40.0 140 0.707946 -16.61112302585529 -1.3192665849085996 -9.033833390146636 1.0094216222682468 1.0539841180420004
40.0 150 0.707946 -15.968223795061437 -1.312345397094067 -9.165898082069003 1.0009076727667203 1.0271463270366346
40.0 160 1.0 -13.639761984054712 -1.3078492124801304 -9.978608312123221 1.000380547485911 0.9248317062495091
40.0 170 1.0 -13.658234124534236 -1.310670310262706 -9.97500820322964 1.0003191073305024 0.9250362314381854
40.0 180 0.707946 -17.3877756623328 -1.3196704110457036 -8.657306407025777 1.0000445649772698 1.0851237380943781
100.0 0 1e-100 -100.0 0.0 -100.0 1.0 0.0
100.0 10 1e-100 -100.0 0.0 -100.0 1.0 0.0
100.0 20 0.501187 -12.311476420042242 -1.7972655026473199 -15.289815471133556 2.3428097782507358 0.22573787982033347
100.0 30 0.707946 -13.291578342492077 -1.7100776069706392 -14.204500746619239 1.8340286173756837 0.5535378729346485
100.0 40 1.0 -12.709028286012696 -1.5308471140434072 -13.047920775198838 1.400674111191116 0.6774453810026314
100.0 50 0.707946 -15.202199849254473 -1.441691711221536 -11.4577398235164 1.2307734360741045 0.8637967299354304
100.0 60 1.0 -11.385868550016394 -1.350840288717598 -11.838919363757421 1.0845152847760968 0.7865814679097978
100.0 70 0.707946 -16.598465885639886 -1.3126115895694361 -9.427199080733667 1.0000147171254645 1.0736264002682872
100.0 80 0.707946 -17.635815456549754 -1.3248781073453826 -8.989784967356279 1.000049027593665 1.0972997356430256
100.0 90 0.707946 -19.34463592463121 -1.3376635798244727 -8.362529764150002 1.0000334876714974 1.1530489271918296
100.0 100 1.0 -16.9205663468669 -1.3312194121554177 -9.05931371576561 1.000401352725656 1.0365497746508041
100.0 110 0.707946 -22.17815458245931 -1.3578621855965174 -7.374888184779403 1.0000827892247846 1.2350093485713964
100.0 120 0.707946 -23.754299841314044 -1.3684629050800672 -6.880880100687077 1.0000000047663886 1.2831605152143422
100.0 130 0.707946 -23.881530358896782 -1.3699939027801364 -6.79048631204445 1.0000365604308006 1.2769885415445212
100.0 140 0.707946 -24.999999999999986 -1.375849534158484 -6.43844043971836 1.0000000000000002 1.3113754611473807
100.0 150 1.0 -21.533430936223112 -1.366757204241197 -7.465535285002882 1.0025980173228308 1.1818531327605453
100.0 160 0.707946 -24.999999999999996 -1.3811912402751731 -6.441467456965433 1.0000000000000002 1.3085962418226609
100.0 170 0.707946 -23.60824225776219 -1.372088624146538 -6.774191826289243 1.00006289548786 1.2485149324718583
100.0 180 0.707946 -24.999999999999996 -1.3866061240390828 -6.4881748635528185 1.0000000000000002 1.3119635974681374
