#eta_eta0 | theta | x_cut | A0 | A1 | A2 | A3 | A4 | F = 10^( A0*X**(A1 + log_10(X)) ), X = -A3*(log_10(x)-A4)
1.1 0 1e-100 -100.0 0.0 -100.0 1.0 0.0
1.1 10 1e-100 -100.0 0.0 -100.0 1.0 0.0
1.1 20 1e-100 -100.0 0.0 -100.0 1.0 0.0
1.1 30 1e-100 -100.0 0.0 -100.0 1.0 0.0
1.1 40 1e-100 -100.0 0.0 -100.0 1.0 0.0
1.1 50 1e-100 -100.0 0.0 -100.0 1.0 0.0
1.1 60 1e-100 -100.0 0.0 -100.0 1.0 0.0
1.1 70 1e-100 -100.0 0.0 -100.0 1.0 0.0
1.1 80 1e-100 -100.0 0.0 -100.0 1.0 0.0
1.1 90 1e-100 -100.0 0.0 -100.0 1.0 0.0
1.1 100 1e-100 -100.0 0.0 -100.0 1.0 0.0
1.1 110 1e-100 -100.0 0.0 -100.0 1.0 0.0
1.1 120 1e-100 -100.0 0.0 -100.0 1.0 0.0
1.1 130 1e-100 -100.0 0.0 -100.0 1.0 0.0
1.1 140 1e-100 -100.0 0.0 -100.0 1.0 0.0
1.1 150 1e-100 -100.0 0.0 -100.0 1.0 0.0
1.1 160 0.177828 -7.7089302013614 -1.998263659785708 -16.01087333563467 4.449182400082043 -0.5898004651494705
1.1 170 0.177828 -7.532121657837991 -1.9912931820855073 -15.72847597389934 4.2725729043482525 -0.5631181869653883
1.1 180 0.177828 -7.558570969891513 -1.9821917610604063 -15.64321006273939 4.2378515284415235 -0.5549351868867859
1.2 0 1e-100 -100.0 0.0 -100.0 1.0 0.0
1.2 10 1e-100 -100.0 0.0 -100.0 1.0 0.0
1.2 20 1e-100 -100.0 0.0 -100.0 1.0 0.0
1.2 30 1e-100 -100.0 0.0 -100.0 1.0 0.0
1.2 40 1e-100 -100.0 0.0 -100.0 1.0 0.0
1.2 50 1e-100 -100.0 0.0 -100.0 1.0 0.0
1.2 60 1e-100 -100.0 0.0 -100.0 1.0 0.0
1.2 70 1e-100 -100.0 0.0 -100.0 1.0 0.0
1.2 80 1e-100 -100.0 0.0 -100.0 1.0 0.0
1.2 90 1e-100 -100.0 0.0 -100.0 1.0 0.0
1.2 100 1e-100 -100.0 0.0 -100.0 1.0 0.0
1.2 110 1e-100 -100.0 0.0 -100.0 1.0 0.0
1.2 120 1e-100 -100.0 0.0 -100.0 1.0 0.0
1.2 130 1e-100 -100.0 0.0 -100.0 1.0 0.0
1.2 140 0.177828 -7.930784387778759 -1.981869671045239 -16.126702318279012 4.547037259770135 -0.5994225068412471
1.2 150 0.177828 -7.583921857246843 -1.9732971358127736 -15.532702116026693 4.173411895938212 -0.5408487369791338
1.2 160 0.251189 -10.386547128443523 -1.9454895465790856 -14.949050907206697 3.914555922387384 -0.42145338542687427
1.2 170 0.251189 -10.565935374494591 -1.9362052890245225 -14.815460958034697 3.779204367917687 -0.3880904364827014
1.2 180 0.251189 -10.831582168453131 -1.9549483306713318 -14.813305821181732 3.859607208641041 -0.38869064944166176
1.3 0 1e-100 -100.0 0.0 -100.0 1.0 0.0
1.3 10 1e-100 -100.0 0.0 -100.0 1.0 0.0
1.3 20 1e-100 -100.0 0.0 -100.0 1.0 0.0
1.3 30 1e-100 -100.0 0.0 -100.0 1.0 0.0
1.3 40 1e-100 -100.0 0.0 -100.0 1.0 0.0
1.3 50 1e-100 -100.0 0.0 -100.0 1.0 0.0
1.3 60 1e-100 -100.0 0.0 -100.0 1.0 0.0
1.3 70 1e-100 -100.0 0.0 -100.0 1.0 0.0
1.3 80 1e-100 -100.0 0.0 -100.0 1.0 0.0
1.3 90 1e-100 -100.0 0.0 -100.0 1.0 0.0
1.3 100 1e-100 -100.0 0.0 -100.0 1.0 0.0
1.3 110 1e-100 -100.0 0.0 -100.0 1.0 0.0
1.3 120 1e-100 -100.0 0.0 -100.0 1.0 0.0
1.3 130 0.177828 -7.8386497547727725 -1.9815093923283906 -16.023170091680782 4.461495211230824 -0.5880135990499782
1.3 140 0.251189 -10.352460593692484 -1.9309538178739392 -15.005879694764413 3.9184778276444785 -0.43115811869587545
1.3 150 0.251189 -10.667721794931227 -1.9728592074677131 -14.880251764389813 3.85114817228536 -0.38717618790402963
1.3 160 0.251189 -10.132707630931321 -1.9186523660472397 -14.69823596319396 3.6027476383389025 -0.35080083674573503
1.3 170 0.251189 -9.887683898231524 -1.9438407568330773 -14.742610631028112 3.5529605248331113 -0.3400698314261982
1.3 180 0.251189 -9.93637849075336 -1.938154431144764 -14.708568382511713 3.5423868039465765 -0.33438681633315265
1.4 0 1e-100 -100.0 0.0 -100.0 1.0 0.0
1.4 10 1e-100 -100.0 0.0 -100.0 1.0 0.0
1.4 20 1e-100 -100.0 0.0 -100.0 1.0 0.0
1.4 30 1e-100 -100.0 0.0 -100.0 1.0 0.0
1.4 40 1e-100 -100.0 0.0 -100.0 1.0 0.0
1.4 50 1e-100 -100.0 0.0 -100.0 1.0 0.0
1.4 60 1e-100 -100.0 0.0 -100.0 1.0 0.0
1.4 70 1e-100 -100.0 0.0 -100.0 1.0 0.0
1.4 80 1e-100 -100.0 0.0 -100.0 1.0 0.0
1.4 90 1e-100 -100.0 0.0 -100.0 1.0 0.0
1.4 100 1e-100 -100.0 0.0 -100.0 1.0 0.0
1.4 110 1e-100 -100.0 0.0 -100.0 1.0 0.0
1.4 120 0.177828 -7.9427071988861035 -2.0292367744840667 -16.531348840442654 4.724232613851648 -0.6203205891699468
1.4 130 0.251189 -10.131968382126606 -1.9814837154796612 -15.190106760597752 4.130043616373141 -0.46001660294325086
1.4 140 0.251189 -10.528735246067587 -1.928617830011166 -14.757083040375976 3.69808844483346 -0.3626480676253029
1.4 150 0.251189 -10.053215557739925 -1.9116075308622904 -14.648633812865855 3.4772213029428274 -0.3190229823126197
1.4 160 0.251189 -10.173728094646924 -1.8951335219227283 -14.519507557088403 3.4199906038447434 -0.29775602963935244
1.4 170 0.251189 -10.24068934681358 -1.892688527364441 -14.466373567662009 3.3561448039300656 -0.2771656786252451
1.4 180 0.251189 -10.04127169112781 -1.9304139959928979 -14.582595967966869 3.3887025587635637 -0.2831848591985764
1.5 0 1e-100 -100.0 0.0 -100.0 1.0 0.0
1.5 10 1e-100 -100.0 0.0 -100.0 1.0 0.0
1.5 20 1e-100 -100.0 0.0 -100.0 1.0 0.0
1.5 30 1e-100 -100.0 0.0 -100.0 1.0 0.0
1.5 40 1e-100 -100.0 0.0 -100.0 1.0 0.0
1.5 50 1e-100 -100.0 0.0 -100.0 1.0 0.0
1.5 60 1e-100 -100.0 0.0 -100.0 1.0 0.0
1.5 70 1e-100 -100.0 0.0 -100.0 1.0 0.0
1.5 80 1e-100 -100.0 0.0 -100.0 1.0 0.0
1.5 90 1e-100 -100.0 0.0 -100.0 1.0 0.0
1.5 100 1e-100 -100.0 0.0 -100.0 1.0 0.0
1.5 110 1e-100 -100.0 0.0 -100.0 1.0 0.0
1.5 120 0.177828 -7.490849251929246 -1.989945433781597 -15.640102357797721 4.150250295978281 -0.5377268598307549
1.5 130 0.251189 -10.530327057383927 -1.9304223283582214 -14.803274367536131 3.70560424533827 -0.36307898533716654
1.5 140 0.251189 -10.121928494947332 -1.9037435705457761 -14.622576772648996 3.455185938446692 -0.3103412512933062
1.5 150 0.251189 -10.154567577709939 -1.9128850950662217 -14.552715044938235 3.355227330823343 -0.2747268212694062
1.5 160 0.251189 -10.281400178509925 -1.8944407678790445 -14.428593309616895 3.3024115369605163 -0.25408360911542216
1.5 170 0.251189 -10.34632422137072 -1.885311953065957 -14.363112161943922 3.260869527398437 -0.238865700780034
1.5 180 0.354813 -11.944051251759157 -1.9780905687298382 -14.433662904669891 3.5084869150958946 -0.23369920727435164
1.6 0 1e-100 -100.0 0.0 -100.0 1.0 0.0
1.6 10 1e-100 -100.0 0.0 -100.0 1.0 0.0
1.6 20 1e-100 -100.0 0.0 -100.0 1.0 0.0
1.6 30 1e-100 -100.0 0.0 -100.0 1.0 0.0
1.6 40 1e-100 -100.0 0.0 -100.0 1.0 0.0
1.6 50 1e-100 -100.0 0.0 -100.0 1.0 0.0
1.6 60 1e-100 -100.0 0.0 -100.0 1.0 0.0
1.6 70 1e-100 -100.0 0.0 -100.0 1.0 0.0
1.6 80 1e-100 -100.0 0.0 -100.0 1.0 0.0
1.6 90 1e-100 -100.0 0.0 -100.0 1.0 0.0
1.6 100 1e-100 -100.0 0.0 -100.0 1.0 0.0
1.6 110 0.177828 -7.859079591340988 -1.98431812619052 -16.037201043024467 4.44509298952597 -0.5820241132473613
1.6 120 0.251189 -10.542905805423125 -1.9540587685188497 -14.965134466592868 3.7271046287160923 -0.3757641083992821
1.6 130 0.251189 -10.062357784365632 -1.9106231079243987 -14.690957585890676 3.493577970228051 -0.3210381339805578
1.6 140 0.251189 -10.23145456761728 -1.898264985790587 -14.517097143056242 3.339737211169438 -0.2688027764992186
1.6 150 0.354813 -12.00724165790159 -1.9564008652469385 -14.394107648731387 3.463493833803336 -0.22885352461733074
1.6 160 0.354813 -12.352813790757105 -1.9213205013519636 -14.18634959467848 3.2657169944440776 -0.1735694331913019
1.6 170 0.354813 -12.595660308589661 -1.9708739410232998 -14.292219747819704 3.4781819070087856 -0.1983696775093604
1.6 180 0.354813 -11.96580174211884 -1.896174629766709 -14.110735752528052 3.1909232427179406 -0.16282412475128008
1.7 0 1e-100 -100.0 0.0 -100.0 1.0 0.0
1.7 10 1e-100 -100.0 0.0 -100.0 1.0 0.0
1.7 20 1e-100 -100.0 0.0 -100.0 1.0 0.0
1.7 30 1e-100 -100.0 0.0 -100.0 1.0 0.0
1.7 40 1e-100 -100.0 0.0 -100.0 1.0 0.0
1.7 50 1e-100 -100.0 0.0 -100.0 1.0 0.0
1.7 60 1e-100 -100.0 0.0 -100.0 1.0 0.0
1.7 70 1e-100 -100.0 0.0 -100.0 1.0 0.0
1.7 80 1e-100 -100.0 0.0 -100.0 1.0 0.0
1.7 90 1e-100 -100.0 0.0 -100.0 1.0 0.0
1.7 100 1e-100 -100.0 0.0 -100.0 1.0 0.0
1.7 110 0.251189 -10.186986483927322 -1.9710800563436641 -15.278337026562307 4.058158287288291 -0.4545954048630042
1.7 120 0.251189 -10.552530443287528 -1.9480581034465192 -14.818554978236874 3.670850124606987 -0.34605973681826496
1.7 130 0.251189 -10.226269054321591 -1.8975806199049337 -14.558943217042291 3.3464455877651123 -0.27373553829908215
1.7 140 0.354813 -12.740580237347412 -1.9485093463634238 -14.304826010341671 3.460550484444955 -0.20914319276314566
1.7 150 0.354813 -12.578167477875116 -1.9800225357305143 -14.343054963084526 3.4455833453003337 -0.1950362978099513
1.7 160 0.354813 -12.444189951713785 -1.9095945661780365 -14.075957884538209 3.162182111403712 -0.134824902701899
1.7 170 0.354813 -12.386173357728033 -1.8943630662671689 -14.004274661287573 3.168001047933151 -0.1330999044604901
1.7 180 0.354813 -11.955562631134349 -1.8980486807717583 -14.052349331148625 3.105204698951784 -0.1304424247739889
1.8 0 1e-100 -100.0 0.0 -100.0 1.0 0.0
1.8 10 1e-100 -100.0 0.0 -100.0 1.0 0.0
1.8 20 1e-100 -100.0 0.0 -100.0 1.0 0.0
1.8 30 1e-100 -100.0 0.0 -100.0 1.0 0.0
1.8 40 1e-100 -100.0 0.0 -100.0 1.0 0.0
1.8 50 1e-100 -100.0 0.0 -100.0 1.0 0.0
1.8 60 1e-100 -100.0 0.0 -100.0 1.0 0.0
1.8 70 1e-100 -100.0 0.0 -100.0 1.0 0.0
1.8 80 1e-100 -100.0 0.0 -100.0 1.0 0.0
1.8 90 1e-100 -100.0 0.0 -100.0 1.0 0.0
1.8 100 0.177828 -7.979392603463704 -2.0139967621772605 -16.430775241657045 4.615158643508808 -0.6051048145073835
1.8 110 0.251189 -10.3361871119809 -1.9641877811692088 -15.050973539362158 3.8838999031166863 -0.40224606227915594
1.8 120 0.251189 -10.130931329695077 -1.9070055265723813 -14.674186161425016 3.398614306843012 -0.29435747144509744
1.8 130 0.251189 -10.250377216532435 -1.9046294593417612 -14.519577583203084 3.2778777310532177 -0.24360271195770636
1.8 140 0.354813 -12.343187363854355 -1.9338953901450442 -14.248872627497022 3.3006809868545326 -0.17299758029681483
1.8 150 0.354813 -12.14687621831744 -1.914383071711146 -14.127751574389583 3.1883557154540836 -0.1446375054879167
1.8 160 0.354813 -10.260298260046065 -1.7959786707525982 -13.941112534763676 2.7749996883929886 -0.10564473904039554
1.8 170 0.354813 -9.948645954334477 -1.8161929569453275 -14.014303327820082 2.7235505369310786 -0.09451199125992182
1.8 180 0.354813 -10.121124169201686 -1.7851355776378042 -13.87901508169892 2.727097672022496 -0.09377923026156361
1.9 0 1e-100 -100.0 0.0 -100.0 1.0 0.0
1.9 10 1e-100 -100.0 0.0 -100.0 1.0 0.0
1.9 20 1e-100 -100.0 0.0 -100.0 1.0 0.0
1.9 30 1e-100 -100.0 0.0 -100.0 1.0 0.0
1.9 40 1e-100 -100.0 0.0 -100.0 1.0 0.0
1.9 50 1e-100 -100.0 0.0 -100.0 1.0 0.0
1.9 60 1e-100 -100.0 0.0 -100.0 1.0 0.0
1.9 70 1e-100 -100.0 0.0 -100.0 1.0 0.0
1.9 80 1e-100 -100.0 0.0 -100.0 1.0 0.0
1.9 90 1e-100 -100.0 0.0 -100.0 1.0 0.0
1.9 100 0.177828 -7.716720213479708 -1.9763218935509337 -15.749759302074946 4.204566623742082 -0.5419147546434794
1.9 110 0.251189 -10.561525956769621 -1.9496403340386328 -14.871207873118811 3.6558329772946117 -0.3417615020321892
1.9 120 0.251189 -10.32752794719451 -1.8795625903290656 -14.511432711206389 3.2996239890521397 -0.2590362800507235
1.9 130 0.354813 -12.713944963893532 -1.962165133651369 -14.348063466654512 3.4365305746977963 -0.19251896827713622
1.9 140 0.354813 -11.28731742138242 -1.895477953254304 -14.20082273786576 3.091599378151205 -0.14852002957854157
1.9 150 0.354813 -10.168666345645198 -1.8088974583206945 -13.996889690679398 2.796500155958413 -0.11019579794334906
1.9 160 0.354813 -9.8071326664312 -1.794472843038571 -13.938296757420455 2.6267277751755436 -0.0704894349858762
1.9 170 0.354813 -9.768768809182287 -1.7809788684232 -13.872114484604714 2.6139652640457682 -0.06493264421308767
1.9 180 0.354813 -9.706745008751101 -1.7787972270790742 -13.871357721000699 2.624375352868481 -0.06615457156308314
2.0 0 1e-100 -100.0 0.0 -100.0 1.0 0.0
2.0 10 1e-100 -100.0 0.0 -100.0 1.0 0.0
2.0 20 1e-100 -100.0 0.0 -100.0 1.0 0.0
2.0 30 1e-100 -100.0 0.0 -100.0 1.0 0.0
2.0 40 1e-100 -100.0 0.0 -100.0 1.0 0.0
2.0 50 1e-100 -100.0 0.0 -100.0 1.0 0.0
2.0 60 1e-100 -100.0 0.0 -100.0 1.0 0.0
2.0 70 1e-100 -100.0 0.0 -100.0 1.0 0.0
2.0 80 1e-100 -100.0 0.0 -100.0 1.0 0.0
2.0 90 1e-100 -100.0 0.0 -100.0 1.0 0.0
2.0 100 0.251189 -10.3687237333434 -1.9598649847500522 -15.17355844552885 3.874388449073241 -0.4127724377491059
2.0 110 0.251189 -10.142025306782608 -1.9112501950892706 -14.740568417328916 3.464492768831137 -0.3094981463986401
2.0 120 0.251189 -10.28926758906101 -1.89787659682807 -14.520783071885944 3.257012230528907 -0.23740393489584463
2.0 130 0.354813 -12.03425474910759 -1.8930031022732772 -14.154755540728535 3.210428299641221 -0.15937735316307092
2.0 140 0.354813 -10.056397091606964 -1.8122211623339004 -14.04973094141423 2.7661720418698152 -0.10645196420658913
2.0 150 0.354813 -9.874904627866682 -1.7487683056384946 -13.784126854643494 2.57258276714716 -0.057349108823257604
2.0 160 0.354813 -9.753833253506706 -1.752397743889234 -13.769392754301585 2.5586064571269165 -0.047231113913715844
2.0 170 0.354813 -9.63755279469855 -1.777029644534188 -13.84382317766027 2.5406571489934135 -0.03465439090585322
2.0 180 0.354813 -9.699809806776958 -1.7614320890611361 -13.77429229093243 2.5145248515466734 -0.024749729942679863
3.0 0 1e-100 -100.0 0.0 -100.0 1.0 0.0
3.0 10 1e-100 -100.0 0.0 -100.0 1.0 0.0
3.0 20 1e-100 -100.0 0.0 -100.0 1.0 0.0
3.0 30 1e-100 -100.0 0.0 -100.0 1.0 0.0
3.0 40 1e-100 -100.0 0.0 -100.0 1.0 0.0
3.0 50 1e-100 -100.0 0.0 -100.0 1.0 0.0
3.0 60 1e-100 -100.0 0.0 -100.0 1.0 0.0
3.0 70 1e-100 -100.0 0.0 -100.0 1.0 0.0
3.0 80 0.251189 -10.32631293715347 -1.9075246484276087 -15.048357823139918 3.6018603176741846 -0.35238553933986144
3.0 90 0.354813 -12.064629698901612 -1.956356219550554 -14.65021000013834 3.3929329035690405 -0.2114359549522162
3.0 100 0.354813 -9.753729230380822 -1.8014973038851043 -14.245610998495602 2.7531381383702276 -0.11508850245741938
3.0 110 0.354813 -9.445552085411249 -1.7665516943654647 -14.000546942711027 2.508735316210774 -0.032591084601721325
3.0 120 0.354813 -9.369243432562437 -1.7218431513523236 -13.841848956197682 2.398145540786484 0.027141273062443322
3.0 130 0.501187 -9.810277383723198 -1.831972772003905 -14.19960429970231 2.5677306410261354 0.028020104302482234
3.0 140 0.501187 -9.896112004965067 -1.787789698379626 -14.108458890623888 2.421994320656389 0.07335246595411664
3.0 150 0.501187 -9.74391036865145 -1.8122493537461741 -14.185332472888504 2.2926980815043496 0.10626349369460088
3.0 160 0.501187 -10.45358302903721 -1.6762020206847497 -13.560363798823975 2.071987527938978 0.18862787129277706
3.0 170 0.501187 -10.260527067248596 -1.7303541721332385 -13.784548709840422 2.097176521509102 0.17967780546816695
3.0 180 0.501187 -10.470410291686472 -1.7015763615031405 -13.629291732736583 2.0411896891017873 0.2030576408972763
4.0 0 1e-100 -100.0 0.0 -100.0 1.0 0.0
4.0 10 1e-100 -100.0 0.0 -100.0 1.0 0.0
4.0 20 1e-100 -100.0 0.0 -100.0 1.0 0.0
4.0 30 1e-100 -100.0 0.0 -100.0 1.0 0.0
4.0 40 1e-100 -100.0 0.0 -100.0 1.0 0.0
4.0 50 1e-100 -100.0 0.0 -100.0 1.0 0.0
4.0 60 1e-100 -100.0 0.0 -100.0 1.0 0.0
4.0 70 0.251189 -10.350199421012428 -1.9234594270602263 -15.088368960632113 3.547809222075605 -0.3207805702835572
4.0 80 0.354813 -9.790785734804444 -1.801175002305669 -14.45695579246318 2.7755662146227933 -0.13230488208643876
4.0 90 0.354813 -9.281012756345723 -1.7382624425825997 -14.069817554163286 2.4485826960256087 -0.024982972931247693
4.0 100 0.501187 -10.061646471965588 -1.8166486030320828 -14.197389874399104 2.6487307853500166 0.002714137212609261
4.0 110 0.501187 -10.066713554256392 -1.786168435066955 -14.198942650057669 2.3432940765523247 0.10467127728149775
4.0 120 0.501187 -10.164109006776751 -1.725594895380147 -13.89684539611607 2.047686737387639 0.19523355682403337
4.0 130 0.501187 -10.746799421191804 -1.642667335554141 -13.419169546985195 1.8945978601445592 0.26985454684812443
4.0 140 0.501187 -10.357609026530357 -1.5886258161270645 -13.212952912711366 1.7412418515286976 0.33457475318248014
4.0 150 0.501187 -9.688799261736529 -1.5013284763786374 -12.881643167126134 1.5655902324764401 0.37129731718993053
4.0 160 0.501187 -11.92377787097344 -1.6172076367912767 -12.833748697268957 1.748645573781212 0.4038873900525673
4.0 170 0.707946 -13.02898296919254 -1.8283722618598048 -13.570490745399065 2.187551536590003 0.2857339417915415
4.0 180 0.501187 -10.817421236103087 -1.5237363561894626 -12.60489026726296 1.574726693128325 0.44314397684248075
5.0 0 1e-100 -100.0 0.0 -100.0 1.0 0.0
5.0 10 1e-100 -100.0 0.0 -100.0 1.0 0.0
5.0 20 1e-100 -100.0 0.0 -100.0 1.0 0.0
5.0 30 1e-100 -100.0 0.0 -100.0 1.0 0.0
5.0 40 1e-100 -100.0 0.0 -100.0 1.0 0.0
5.0 50 1e-100 -100.0 0.0 -100.0 1.0 0.0
5.0 60 0.251189 -10.38903079688838 -1.9623912017740002 -15.389046095906085 3.7429224160078283 -0.36773695150713887
5.0 70 0.354813 -9.726836402049456 -1.7840777254973643 -14.518900683780556 2.760366081187782 -0.13506983382551965
5.0 80 0.354813 -9.517179738620806 -1.7422529016719832 -14.112508435242686 2.483963786321999 -0.02008829148431833
5.0 90 0.501187 -10.73512862642582 -1.9447606107441784 -14.643968824415923 2.840662460015382 -0.0013662272307992927
5.0 100 0.501187 -10.409628175416195 -1.7354309915548038 -14.008328871568596 2.1410095656027637 0.16967193114015364
5.0 110 0.501187 -10.68310459472889 -1.650694617701262 -13.548183897367137 1.8710277061949458 0.2809738003673151
5.0 120 0.501187 -10.60667894850122 -1.5602512341249353 -13.00505686441892 1.6610195217555512 0.3741566858946511
5.0 130 0.501187 -11.836295978969043 -1.5959882159865824 -12.779112975243756 1.6726420852048902 0.45448159341201944
5.0 140 0.707946 -12.877781847820422 -1.8388210799897846 -13.65193194995919 2.209730717335191 0.29182192370953086
5.0 150 0.707946 -12.27676305439803 -1.8530263016733064 -13.746791564010499 2.2452601341693295 0.2713369579010361
5.0 160 0.707946 -14.882693559086077 -1.863759510637267 -13.386503839869595 2.277856287890883 0.3371064630015969
5.0 170 0.707946 -13.878386720949775 -1.8119475499061526 -13.279824176460941 2.136226411508435 0.3631264661927448
5.0 180 0.707946 -14.382958031226542 -1.8246076826777105 -13.262931562125141 2.2077160169432695 0.35222963323512835
6.0 0 1e-100 -100.0 0.0 -100.0 1.0 0.0
6.0 10 1e-100 -100.0 0.0 -100.0 1.0 0.0
6.0 20 1e-100 -100.0 0.0 -100.0 1.0 0.0
6.0 30 1e-100 -100.0 0.0 -100.0 1.0 0.0
6.0 40 1e-100 -100.0 0.0 -100.0 1.0 0.0
6.0 50 0.177828 -8.182343503865635 -2.023457182257737 -16.6746084381741 4.5660891571738915 -0.5861747608819391
6.0 60 0.251189 -10.174062384190643 -1.9139281769925074 -15.0548186204056 3.2492953203060955 -0.23739555516401925
6.0 70 0.354813 -9.323508882772218 -1.7200245931113998 -14.191744925305825 2.425192141011233 -0.02262072993612282
6.0 80 0.501187 -11.151578755560458 -1.8722471780921952 -14.448612455881237 2.717253484666783 0.036131752360197035
6.0 90 0.501187 -10.661290502985553 -1.7328063851181168 -14.020167308412145 2.1299826272720197 0.17964365563463058
6.0 100 0.501187 -12.66451261544545 -1.7004144666242607 -13.412346516124657 1.9679136353559545 0.3337550194963065
6.0 110 0.501187 -10.140285668568454 -1.4978825817012642 -12.830921051885266 1.531483007317284 0.43197860099056595
6.0 120 0.707946 -13.292055696780043 -1.8271837674810179 -13.604798244027672 2.1897390274730895 0.31336190911148054
6.0 130 0.707946 -14.769595007353125 -1.8451158503922118 -13.391148935079462 2.278059847806982 0.334597399420181
6.0 140 0.707946 -14.90986037968387 -1.8684528585052886 -13.452505227382122 2.3022125298657357 0.3409792978393887
6.0 150 0.707946 -14.530887594259871 -1.8373532431275892 -13.361792239296104 2.07199325030102 0.4231414246692927
6.0 160 0.707946 -14.76888094414935 -1.8090148154193122 -13.216580536381667 2.0559321429449473 0.4339042907891308
6.0 170 0.707946 -15.16747559196218 -1.7837362640441772 -13.020924072494171 1.9752843521633512 0.4836775147379821
6.0 180 0.707946 -15.0280363649381 -1.7901444896052983 -13.072028277147204 1.9962365790031122 0.46809322877647114
7.0 0 1e-100 -100.0 0.0 -100.0 1.0 0.0
7.0 10 1e-100 -100.0 0.0 -100.0 1.0 0.0
7.0 20 1e-100 -100.0 0.0 -100.0 1.0 0.0
7.0 30 1e-100 -100.0 0.0 -100.0 1.0 0.0
7.0 40 1e-100 -100.0 0.0 -100.0 1.0 0.0
7.0 50 0.251189 -10.595136697437542 -1.9433107188931582 -15.462065366318479 3.726531277038949 -0.3600895330343097
7.0 60 0.354813 -9.510872913260876 -1.784040825475469 -14.605672982631889 2.7134634423319888 -0.11740445446329552
7.0 70 0.354813 -9.618677797003732 -1.7971896441381368 -14.423515880536609 2.524195840356071 0.01475876706995073
7.0 80 0.501187 -10.897132153863247 -1.7312646710883852 -14.064521889092788 2.185415770721854 0.17147786505873372
7.0 90 0.501187 -11.021766439448731 -1.604926990508859 -13.38602096171071 1.7771334852482306 0.3461709444836727
7.0 100 0.501187 -10.247294385347773 -1.4695613507146004 -12.708372491394677 1.4811329817399335 0.466963603067617
7.0 110 0.707946 -12.89694374585076 -1.8544104258370238 -13.802177325409586 2.2499959348028544 0.2917605916253561
7.0 120 0.707946 -14.157508045702208 -1.856885694601269 -13.563431347633479 2.2372808292934576 0.3416879637200724
7.0 130 0.707946 -14.17485140445432 -1.8272955725453806 -13.452817095766076 2.0737405008576624 0.4090791601388817
7.0 140 0.707946 -14.808141156371425 -1.8197858516745808 -13.296240517359424 2.020887786223241 0.45612676850007583
7.0 150 0.707946 -12.171720471133527 -1.6735756290248727 -13.025415050793484 1.6981104145437926 0.5183859488611857
7.0 160 0.707946 -12.071281242296653 -1.7041139044250018 -13.159407546417018 1.7503819196919428 0.4963904241470133
7.0 170 0.707946 -12.090630076284867 -1.6533027346782636 -12.906875291774908 1.6591614037440936 0.5451602842700761
7.0 180 0.707946 -12.955997048715616 -1.6847623060877457 -12.879307992896903 1.7183695875590699 0.5497755109263494
8.0 0 1e-100 -100.0 0.0 -100.0 1.0 0.0
8.0 10 1e-100 -100.0 0.0 -100.0 1.0 0.0
8.0 20 1e-100 -100.0 0.0 -100.0 1.0 0.0
8.0 30 1e-100 -100.0 0.0 -100.0 1.0 0.0
8.0 40 1e-100 -100.0 0.0 -100.0 1.0 0.0
8.0 50 0.251189 -11.243247864641848 -1.9227662117146795 -15.144829947291816 3.4303618271806067 -0.25259629736518824
8.0 60 0.354813 -9.2480304731137 -1.7563906542994436 -14.439142384886964 2.502242911822831 -0.03972783010338673
8.0 70 0.501187 -11.014492379448173 -1.8733538509311083 -14.637294611921893 2.619229989365764 0.062166502395014166
8.0 80 0.501187 -10.84326550483871 -1.6316286926348293 -13.642229614340629 1.8412186758275881 0.29948429104613516
8.0 90 0.707946 -12.540414178081177 -1.7954792977117628 -13.810456828770088 2.1469569240321 0.2838004694496928
8.0 100 0.707946 -14.680952202582523 -1.8509675896331712 -13.596076447749482 2.280186977279576 0.33125259818383257
8.0 110 0.707946 -14.254029713842232 -1.8883549787650222 -13.743455476669872 2.289925688836031 0.3280382136120597
8.0 120 0.707946 -14.597403541978029 -1.7515065469845912 -13.068992212187707 1.8894230278301525 0.5043076173804223
8.0 130 0.707946 -14.599850494994781 -1.7554436349410751 -13.030637078268786 1.8697733882302505 0.5286340092136713
8.0 140 0.707946 -12.091688475001336 -1.7157601087653507 -13.241756989772075 1.7560867230951014 0.4990340853878472
8.0 150 0.707946 -12.16837636846011 -1.6402919818658581 -12.855397274885789 1.6381021242735894 0.5494370990548887
8.0 160 0.707946 -14.670566623226515 -1.739130634137083 -12.866902649326951 1.8338591142741039 0.5363956645851403
8.0 170 0.707946 -12.32668548231931 -1.6338166186943024 -12.782471760375758 1.6116871801693935 0.5571866729442436
8.0 180 0.707946 -12.398153293754174 -1.5978861067863563 -12.582953335166257 1.5538585735717823 0.5877663986277457
9.0 0 1e-100 -100.0 0.0 -100.0 1.0 0.0
9.0 10 1e-100 -100.0 0.0 -100.0 1.0 0.0
9.0 20 1e-100 -100.0 0.0 -100.0 1.0 0.0
9.0 30 1e-100 -100.0 0.0 -100.0 1.0 0.0
9.0 40 0.177828 -8.246377550380315 -2.0545397193504193 -17.269455877816412 4.808348152360993 -0.6178080345377979
9.0 50 0.354813 -9.545563875874663 -1.8070998207253923 -14.905999912511838 2.81643192762102 -0.15791789807338102
9.0 60 0.354813 -9.611155259987086 -1.7957807828830263 -14.516888812375512 2.537582123657424 0.00519789278090086
9.0 70 0.501187 -11.27205757651922 -1.6877405372651044 -13.909673045103167 2.0794753661435603 0.21694029827938816
9.0 80 0.501187 -11.060952121849995 -1.6042622200941796 -13.36613771499693 1.7253835441122658 0.3698842378015888
9.0 90 0.707946 -14.706736270161207 -1.8483423034029578 -13.660329419979018 2.222506259766539 0.3464363009103893
9.0 100 0.707946 -14.160565011849762 -1.8029450473047077 -13.44266472614191 2.160376105617321 0.3658274440597798
9.0 110 0.707946 -13.987198527460718 -1.816557757946359 -13.531119418766526 2.0289108777548788 0.4233035372107669
9.0 120 0.707946 -14.648848847790864 -1.768979074388245 -13.130165946688395 1.937184279334109 0.4976332035799802
9.0 130 0.707946 -12.196748095592131 -1.6349707780743183 -12.896977569733675 1.6432489083723267 0.5486677478349051
9.0 140 0.707946 -14.611210937021328 -1.7171987712145995 -12.809906244983894 1.7739357856162135 0.5615041792962435
9.0 150 0.707946 -14.221061796778354 -1.6635631609343442 -12.582808807455097 1.6761323114559188 0.5864502466768652
9.0 160 0.707946 -15.221023528946155 -1.6724036965286007 -12.422372051396247 1.6959546482156351 0.6105747794593726
9.0 170 0.707946 -12.575228246037103 -1.578444196499601 -12.450668532128084 1.498394993580371 0.6185285933182884
9.0 180 0.707946 -12.532033930856944 -1.579933538168837 -12.46528919136881 1.4972954107192138 0.6173024865419291
10.0 0 1e-100 -100.0 0.0 -100.0 1.0 0.0
10.0 10 1e-100 -100.0 0.0 -100.0 1.0 0.0
10.0 20 1e-100 -100.0 0.0 -100.0 1.0 0.0
10.0 30 1e-100 -100.0 0.0 -100.0 1.0 0.0
10.0 40 0.251189 -10.62346764367376 -1.9825207278957393 -15.921668303640686 4.085117463827949 -0.435409971694481
10.0 50 0.354813 -10.054035109419841 -1.799603587122095 -14.690328610940867 2.72033710824405 -0.09228467759609955
10.0 60 0.501187 -11.349777438471579 -1.837235292876255 -14.531660817888282 2.6327177369984414 0.06118461446073823
10.0 70 0.501187 -11.293166758449823 -1.648124865237822 -13.72503958457922 1.92405259839071 0.2757947500971
10.0 80 0.707946 -13.305303334446286 -1.8605330139344853 -14.026160838782674 2.2820161772682637 0.27086981815864847
10.0 90 0.707946 -12.931522496957603 -1.8518685991995252 -13.8886940163681 2.2499762195672357 0.2929780280996821
10.0 100 0.707946 -14.378999779755658 -1.7979675172546816 -13.451878769447477 2.045846517603485 0.4243834507475259
10.0 110 0.707946 -14.642909427441268 -1.752606859258621 -13.087406621053978 1.8589352451526735 0.5380641966463077
10.0 120 0.707946 -14.731494681762186 -1.7390496540496663 -12.952402816684254 1.8368164719044477 0.5462423715951834
10.0 130 0.707946 -14.228652876722444 -1.6418010544709087 -12.513179513029757 1.644929479509181 0.6060411950698508
10.0 140 0.707946 -14.956150458682888 -1.6658104044409643 -12.474343417148953 1.6736200611198315 0.6115744633877569
10.0 150 0.707946 -12.658834757131384 -1.5211126657806018 -12.135528743265432 1.422825495044057 0.6579737865116592
10.0 160 0.707946 -12.665901129006624 -1.562644199708451 -12.34779776390469 1.4705714240315668 0.6348874426929537
10.0 170 0.707946 -12.568693778932778 -1.5303874912207696 -12.175707085252384 1.4234625432896502 0.6556141291079306
10.0 180 0.707946 -12.546641288780386 -1.522465447768342 -12.127690856629226 1.3963111680731422 0.6746478367651751
20.0 0 1e-100 -100.0 0.0 -100.0 1.0 0.0
20.0 10 1e-100 -100.0 0.0 -100.0 1.0 0.0
20.0 20 1e-100 -100.0 0.0 -100.0 1.0 0.0
20.0 30 0.251189 -11.05776859380647 -1.9545646164584107 -15.755302702951331 3.5938429105103524 -0.30255948743480077
20.0 40 0.501187 -10.984812584915092 -1.8830209017713855 -14.966167135731961 2.7756404583226324 0.003958883152339559
20.0 50 0.501187 -11.303048629232817 -1.656139595060357 -13.990672586092776 1.8612964798809444 0.3324091002258202
20.0 60 0.501187 -10.435810064600172 -1.5553117556963825 -13.373169365107701 1.5968163454787885 0.4590411679370123
20.0 70 0.707946 -14.964611952635476 -1.7535093534655666 -13.365334794651229 1.9212210291604324 0.5095941429887197
20.0 80 0.707946 -14.978763578943438 -1.7240996216071884 -13.114090348397063 1.76427626637132 0.5766076177454028
20.0 90 0.707946 -15.128424009462867 -1.6386502832149648 -12.510632175817925 1.6092874568361086 0.6491247079981491
20.0 100 0.707946 -15.949512020010454 -1.4514607267407162 -10.79759459297725 1.228912114143995 0.876130395010486
20.0 110 0.707946 -15.758535785737903 -1.4347726993293821 -10.641302928790127 1.2076293333095096 0.8614653481737937
20.0 120 0.707946 -15.888181942069691 -1.4943811506692661 -10.997558286515476 1.3007152384963607 0.7901613996224854
20.0 130 0.707946 -15.856482029981525 -1.4868163449839853 -10.895668455712373 1.292495409162288 0.7905349938970061
20.0 140 0.707946 -15.707588937483418 -1.4717963662289923 -10.772101985557082 1.2594777577470817 0.8086259109995373
20.0 150 0.707946 -16.760253675366698 -1.4378233632577295 -10.146994316182349 1.1990884463240656 0.8970928429530255
20.0 160 0.707946 -15.849433788051439 -1.4470899906875652 -10.470208917011966 1.2076742723581 0.8551067192435421
20.0 170 1.0 -12.898969730214798 -1.2925093670868364 -10.267327640786462 1.0009601270937312 0.8920977191435348
20.0 180 0.707946 -15.645653393966617 -1.495873248959266 -10.881749924696749 1.2742879542488155 0.7946173870907727
30.0 0 1e-100 -100.0 0.0 -100.0 1.0 0.0
30.0 10 1e-100 -100.0 0.0 -100.0 1.0 0.0
30.0 20 1e-100 -100.0 0.0 -100.0 1.0 0.0
30.0 30 0.354813 -9.223779406136567 -1.7498370388911788 -14.9884161551807 2.461682524042149 -0.027610120262402532
30.0 40 0.501187 -12.281934202630353 -1.7052040628288747 -14.21243169922123 1.9905758383957022 0.3078167297468978
30.0 50 0.707946 -13.884952187389583 -1.793153707647761 -13.95707997994772 2.071211433533298 0.3975146034758866
30.0 60 0.707946 -15.377128202241593 -1.7350752735141952 -13.304189430967687 1.869224492911708 0.5484502962153961
30.0 70 0.707946 -14.8650295338471 -1.6145596482380313 -12.601903446324899 1.5591521982731713 0.6713811743349084
30.0 80 0.707946 -15.640949219373569 -1.4246427058527473 -10.825028386680996 1.2042383173143163 0.863589064468571
30.0 90 0.707946 -15.542413619361179 -1.4244654806960557 -10.739022663161583 1.2091957413733925 0.8396858592830903
30.0 100 1.0 -13.001330010414271 -1.276780760891854 -10.369735152009923 1.0000380019425135 0.8891684197852594
30.0 110 0.707946 -16.706399250862887 -1.4557526624935408 -10.431316872205095 1.2045089687531205 0.8964299938001948
30.0 120 0.707946 -16.922967455675618 -1.4516869219881814 -10.253956514630882 1.1907853122437895 0.9087783672704214
30.0 130 1.0 -13.893620030667128 -1.3097981863798616 -10.03458578840354 1.0001081279433872 0.9329407187052261
30.0 140 0.707946 -16.50625157059373 -1.3550520708018414 -9.416392686213193 1.0456748032037784 1.0037948511397772
30.0 150 0.707946 -16.48112410959417 -1.362524764145603 -9.451405841406876 1.055743244375261 0.9849543931813214
30.0 160 0.707946 -15.968370294225092 -1.341239339204556 -9.407347664020962 1.0215300596656602 0.9941345858967013
30.0 170 0.707946 -16.291735521665473 -1.3301454722519257 -9.175111926567627 1.0087965855282102 1.0134524484057073
30.0 180 0.707946 -16.110373119037046 -1.3221008694905092 -9.170565110771637 1.0101294232934541 0.9958260079208071
40.0 0 1e-100 -100.0 0.0 -100.0 1.0 0.0
40.0 10 1e-100 -100.0 0.0 -100.0 1.0 0.0
40.0 20 0.251189 -11.354706298688985 -1.96170609057058 -16.280713800823605 3.906083871127066 -0.3813142993484473
40.0 30 0.501187 -10.876025436706348 -1.8921591835151668 -15.414553745490455 2.560643569573189 0.07713105464754696
40.0 40 0.707946 -13.215066167263775 -1.8627082024202433 -14.547902915949749 2.26574869462733 0.29462068627871285
40.0 50 0.707946 -15.616274630641493 -1.7738781824868404 -13.602612741919357 1.893276195230092 0.5601344829923077
40.0 60 0.707946 -15.140475249307451 -1.6215888486401713 -12.706466462151889 1.576742796488562 0.6713161781948345
40.0 70 0.707946 -15.153483999678851 -1.450736694123884 -11.265023683722228 1.2390715104891235 0.8107848058696387
40.0 80 0.707946 -15.88115710845543 -1.508166423888709 -11.342756095391001 1.3144407943879288 0.779319870333415
40.0 90 0.707946 -16.07820580354309 -1.3891840619545635 -10.199321676110053 1.1133568352391165 0.9465380549799578
40.0 100 0.707946 -16.174942097891293 -1.4512056946019785 -10.560517494119676 1.18202618686258 0.8839992964614574
40.0 110 1.0 -15.128818114776442 -1.3085642170770955 -9.624736982840409 1.0001444436482017 0.9731622421106076
40.0 120 1.0 -16.257974885697223 -1.320887508871169 -9.222649409029481 1.0007378414536952 1.0137700739769546
40.0 130 1.0 -17.212654066314045 -1.326918417349081 -8.859684408461776 1.0011234242666192 1.0443083755282718
40.0 140 0.707946 -16.35763524866392 -1.3355323996523625 -9.192671530383437 1.0050167581584775 1.003818052822952
40.0 150 0.707946 -16.867238623484074 -1.3285513063888144 -8.907820289890282 1.000386521373694 1.0189443048162183
40.0 160 0.707946 -18.493433614870032 -1.3389650491185277 -8.390910353210934 1.0000000000174065 1.0886866336919343
40.0 170 0.707946 -19.23527854353592 -1.343872718057754 -8.160859119600733 1.0002608652000848 1.1192497427836652
40.0 180 0.707946 -17.31925230045789 -1.3390977478887185 -8.789569831161513 1.0006433825485959 1.0404503301559034
100.0 0 1e-100 -100.0 0.0 -100.0 1.0 0.0
100.0 10 1e-100 -100.0 0.0 -100.0 1.0 0.0
100.0 20 0.501187 -11.072723759801022 -1.7286425408679935 -15.154448202433487 2.1567625574139933 0.18391735516964078
100.0 30 0.707946 -13.979743082037189 -1.7560688562559688 -14.218448026295011 1.8467115006990782 0.5235007872855254
100.0 40 1.0 -13.26770493487594 -1.3694603756464927 -11.739488842047406 1.1325851489906622 0.8238981783814738
100.0 50 0.707946 -16.084713979308127 -1.4352433745964417 -11.064774778519135 1.2057434667224232 0.8644238944901796
100.0 60 0.707946 -14.751479419591831 -1.3772595524048505 -10.772677711714465 1.0828250874830414 0.898089766547054
100.0 70 0.707946 -16.54259007688389 -1.3219880690934218 -9.46097521029057 1.0001776046748359 1.0185207861510097
100.0 80 0.707946 -18.06245328011117 -1.359067736914659 -9.095132741451518 1.0217524539256047 1.0465016300657077
100.0 90 0.707946 -16.716182268806687 -1.3928456911801677 -9.72744597978149 1.0650353682864402 0.9324034279087802
100.0 100 0.707946 -19.875090164265952 -1.364101720868936 -8.259350030451808 1.0004027129800037 1.1164732811398714
100.0 110 0.707946 -18.93532143968904 -1.361744378722991 -8.464611048180645 1.0006010563242214 1.0645176959031437
100.0 120 0.707946 -24.99999999999988 -1.3882393461355582 -6.643125774851723 1.0000000000000002 1.284439603207124
100.0 130 0.707946 -19.643317129548976 -1.371977593797782 -8.178627026680777 1.0001951917724654 1.0760440699482294
100.0 140 0.707946 -24.999999999999623 -1.3940160673978839 -6.600982278998628 1.0000000000000002 1.2733788403035278
100.0 150 1.0 -24.999999999999996 -1.4094307423795243 -6.7579607772853665 1.0000000000000002 1.2879284318868656
100.0 160 0.707946 -24.99999999999999 -1.4029671532681596 -6.644887487567331 1.0000000000002933 1.2720248303600408
100.0 170 0.707946 -24.999999999999996 -1.3999057634143164 -6.588792156437603 1.0000000000000002 1.263990089095755
100.0 180 0.707946 -24.999999999999996 -1.4052507829631486 -6.649129637778676 1.0000000000000002 1.2703693266497373
