#eta_eta0 | theta | x_cut | A0 | A1 | A2 | A3 | A4 | F = 10^( A0*X**(A1 + log_10(X)) ), X = -A3*(log_10(x)-A4)
1.1 0 1e-100 -100.0 0.0 -100.0 1.0 0.0
1.1 10 1e-100 -100.0 0.0 -100.0 1.0 0.0
1.1 20 1e-100 -100.0 0.0 -100.0 1.0 0.0
1.1 30 1e-100 -100.0 0.0 -100.0 1.0 0.0
1.1 40 1e-100 -100.0 0.0 -100.0 1.0 0.0
1.1 50 1e-100 -100.0 0.0 -100.0 1.0 0.0
1.1 60 1e-100 -100.0 0.0 -100.0 1.0 0.0
1.1 70 1e-100 -100.0 0.0 -100.0 1.0 0.0
1.1 80 1e-100 -100.0 0.0 -100.0 1.0 0.0
1.1 90 1e-100 -100.0 0.0 -100.0 1.0 0.0
1.1 100 1e-100 -100.0 0.0 -100.0 1.0 0.0
1.1 110 1e-100 -100.0 0.0 -100.0 1.0 0.0
1.1 120 1e-100 -100.0 0.0 -100.0 1.0 0.0
1.1 130 1e-100 -100.0 0.0 -100.0 1.0 0.0
1.1 140 1e-100 -100.0 0.0 -100.0 1.0 0.0
1.1 150 1e-100 -100.0 0.0 -100.0 1.0 0.0
1.1 160 1e-100 -100.0 0.0 -100.0 1.0 0.0
1.1 170 1e-100 -100.0 0.0 -100.0 1.0 0.0
1.1 180 1e-100 -100.0 0.0 -100.0 1.0 0.0
1.2 0 1e-100 -100.0 0.0 -100.0 1.0 0.0
1.2 10 1e-100 -100.0 0.0 -100.0 1.0 0.0
1.2 20 1e-100 -100.0 0.0 -100.0 1.0 0.0
1.2 30 1e-100 -100.0 0.0 -100.0 1.0 0.0
1.2 40 1e-100 -100.0 0.0 -100.0 1.0 0.0
1.2 50 1e-100 -100.0 0.0 -100.0 1.0 0.0
1.2 60 1e-100 -100.0 0.0 -100.0 1.0 0.0
1.2 70 1e-100 -100.0 0.0 -100.0 1.0 0.0
1.2 80 1e-100 -100.0 0.0 -100.0 1.0 0.0
1.2 90 1e-100 -100.0 0.0 -100.0 1.0 0.0
1.2 100 1e-100 -100.0 0.0 -100.0 1.0 0.0
1.2 110 1e-100 -100.0 0.0 -100.0 1.0 0.0
1.2 120 1e-100 -100.0 0.0 -100.0 1.0 0.0
1.2 130 1e-100 -100.0 0.0 -100.0 1.0 0.0
1.2 140 1e-100 -100.0 0.0 -100.0 1.0 0.0
1.2 150 1e-100 -100.0 0.0 -100.0 1.0 0.0
1.2 160 1e-100 -100.0 0.0 -100.0 1.0 0.0
1.2 170 1e-100 -100.0 0.0 -100.0 1.0 0.0
1.2 180 1e-100 -100.0 0.0 -100.0 1.0 0.0
1.3 0 1e-100 -100.0 0.0 -100.0 1.0 0.0
1.3 10 1e-100 -100.0 0.0 -100.0 1.0 0.0
1.3 20 1e-100 -100.0 0.0 -100.0 1.0 0.0
1.3 30 1e-100 -100.0 0.0 -100.0 1.0 0.0
1.3 40 1e-100 -100.0 0.0 -100.0 1.0 0.0
1.3 50 1e-100 -100.0 0.0 -100.0 1.0 0.0
1.3 60 1e-100 -100.0 0.0 -100.0 1.0 0.0
1.3 70 1e-100 -100.0 0.0 -100.0 1.0 0.0
1.3 80 1e-100 -100.0 0.0 -100.0 1.0 0.0
1.3 90 1e-100 -100.0 0.0 -100.0 1.0 0.0
1.3 100 1e-100 -100.0 0.0 -100.0 1.0 0.0
1.3 110 1e-100 -100.0 0.0 -100.0 1.0 0.0
1.3 120 1e-100 -100.0 0.0 -100.0 1.0 0.0
1.3 130 1e-100 -100.0 0.0 -100.0 1.0 0.0
1.3 140 1e-100 -100.0 0.0 -100.0 1.0 0.0
1.3 150 1e-100 -100.0 0.0 -100.0 1.0 0.0
1.3 160 1e-100 -100.0 0.0 -100.0 1.0 0.0
1.3 170 1e-100 -100.0 0.0 -100.0 1.0 0.0
1.3 180 1e-100 -100.0 0.0 -100.0 1.0 0.0
1.4 0 1e-100 -100.0 0.0 -100.0 1.0 0.0
1.4 10 1e-100 -100.0 0.0 -100.0 1.0 0.0
1.4 20 1e-100 -100.0 0.0 -100.0 1.0 0.0
1.4 30 1e-100 -100.0 0.0 -100.0 1.0 0.0
1.4 40 1e-100 -100.0 0.0 -100.0 1.0 0.0
1.4 50 1e-100 -100.0 0.0 -100.0 1.0 0.0
1.4 60 1e-100 -100.0 0.0 -100.0 1.0 0.0
1.4 70 1e-100 -100.0 0.0 -100.0 1.0 0.0
1.4 80 1e-100 -100.0 0.0 -100.0 1.0 0.0
1.4 90 1e-100 -100.0 0.0 -100.0 1.0 0.0
1.4 100 1e-100 -100.0 0.0 -100.0 1.0 0.0
1.4 110 1e-100 -100.0 0.0 -100.0 1.0 0.0
1.4 120 1e-100 -100.0 0.0 -100.0 1.0 0.0
1.4 130 1e-100 -100.0 0.0 -100.0 1.0 0.0
1.4 140 1e-100 -100.0 0.0 -100.0 1.0 0.0
1.4 150 1e-100 -100.0 0.0 -100.0 1.0 0.0
1.4 160 1e-100 -100.0 0.0 -100.0 1.0 0.0
1.4 170 1e-100 -100.0 0.0 -100.0 1.0 0.0
1.4 180 1e-100 -100.0 0.0 -100.0 1.0 0.0
1.5 0 1e-100 -100.0 0.0 -100.0 1.0 0.0
1.5 10 1e-100 -100.0 0.0 -100.0 1.0 0.0
1.5 20 1e-100 -100.0 0.0 -100.0 1.0 0.0
1.5 30 1e-100 -100.0 0.0 -100.0 1.0 0.0
1.5 40 1e-100 -100.0 0.0 -100.0 1.0 0.0
1.5 50 1e-100 -100.0 0.0 -100.0 1.0 0.0
1.5 60 1e-100 -100.0 0.0 -100.0 1.0 0.0
1.5 70 1e-100 -100.0 0.0 -100.0 1.0 0.0
1.5 80 1e-100 -100.0 0.0 -100.0 1.0 0.0
1.5 90 1e-100 -100.0 0.0 -100.0 1.0 0.0
1.5 100 1e-100 -100.0 0.0 -100.0 1.0 0.0
1.5 110 1e-100 -100.0 0.0 -100.0 1.0 0.0
1.5 120 1e-100 -100.0 0.0 -100.0 1.0 0.0
1.5 130 1e-100 -100.0 0.0 -100.0 1.0 0.0
1.5 140 1e-100 -100.0 0.0 -100.0 1.0 0.0
1.5 150 1e-100 -100.0 0.0 -100.0 1.0 0.0
1.5 160 1e-100 -100.0 0.0 -100.0 1.0 0.0
1.5 170 1e-100 -100.0 0.0 -100.0 1.0 0.0
1.5 180 1e-100 -100.0 0.0 -100.0 1.0 0.0
1.6 0 1e-100 -100.0 0.0 -100.0 1.0 0.0
1.6 10 1e-100 -100.0 0.0 -100.0 1.0 0.0
1.6 20 1e-100 -100.0 0.0 -100.0 1.0 0.0
1.6 30 1e-100 -100.0 0.0 -100.0 1.0 0.0
1.6 40 1e-100 -100.0 0.0 -100.0 1.0 0.0
1.6 50 1e-100 -100.0 0.0 -100.0 1.0 0.0
1.6 60 1e-100 -100.0 0.0 -100.0 1.0 0.0
1.6 70 1e-100 -100.0 0.0 -100.0 1.0 0.0
1.6 80 1e-100 -100.0 0.0 -100.0 1.0 0.0
1.6 90 1e-100 -100.0 0.0 -100.0 1.0 0.0
1.6 100 1e-100 -100.0 0.0 -100.0 1.0 0.0
1.6 110 1e-100 -100.0 0.0 -100.0 1.0 0.0
1.6 120 1e-100 -100.0 0.0 -100.0 1.0 0.0
1.6 130 1e-100 -100.0 0.0 -100.0 1.0 0.0
1.6 140 1e-100 -100.0 0.0 -100.0 1.0 0.0
1.6 150 1e-100 -100.0 0.0 -100.0 1.0 0.0
1.6 160 1e-100 -100.0 0.0 -100.0 1.0 0.0
1.6 170 1e-100 -100.0 0.0 -100.0 1.0 0.0
1.6 180 1e-100 -100.0 0.0 -100.0 1.0 0.0
1.7 0 1e-100 -100.0 0.0 -100.0 1.0 0.0
1.7 10 1e-100 -100.0 0.0 -100.0 1.0 0.0
1.7 20 1e-100 -100.0 0.0 -100.0 1.0 0.0
1.7 30 1e-100 -100.0 0.0 -100.0 1.0 0.0
1.7 40 1e-100 -100.0 0.0 -100.0 1.0 0.0
1.7 50 1e-100 -100.0 0.0 -100.0 1.0 0.0
1.7 60 1e-100 -100.0 0.0 -100.0 1.0 0.0
1.7 70 1e-100 -100.0 0.0 -100.0 1.0 0.0
1.7 80 1e-100 -100.0 0.0 -100.0 1.0 0.0
1.7 90 1e-100 -100.0 0.0 -100.0 1.0 0.0
1.7 100 1e-100 -100.0 0.0 -100.0 1.0 0.0
1.7 110 1e-100 -100.0 0.0 -100.0 1.0 0.0
1.7 120 1e-100 -100.0 0.0 -100.0 1.0 0.0
1.7 130 1e-100 -100.0 0.0 -100.0 1.0 0.0
1.7 140 1e-100 -100.0 0.0 -100.0 1.0 0.0
1.7 150 1e-100 -100.0 0.0 -100.0 1.0 0.0
1.7 160 1e-100 -100.0 0.0 -100.0 1.0 0.0
1.7 170 1e-100 -100.0 0.0 -100.0 1.0 0.0
1.7 180 1e-100 -100.0 0.0 -100.0 1.0 0.0
1.8 0 1e-100 -100.0 0.0 -100.0 1.0 0.0
1.8 10 1e-100 -100.0 0.0 -100.0 1.0 0.0
1.8 20 1e-100 -100.0 0.0 -100.0 1.0 0.0
1.8 30 1e-100 -100.0 0.0 -100.0 1.0 0.0
1.8 40 1e-100 -100.0 0.0 -100.0 1.0 0.0
1.8 50 1e-100 -100.0 0.0 -100.0 1.0 0.0
1.8 60 1e-100 -100.0 0.0 -100.0 1.0 0.0
1.8 70 1e-100 -100.0 0.0 -100.0 1.0 0.0
1.8 80 1e-100 -100.0 0.0 -100.0 1.0 0.0
1.8 90 1e-100 -100.0 0.0 -100.0 1.0 0.0
1.8 100 1e-100 -100.0 0.0 -100.0 1.0 0.0
1.8 110 1e-100 -100.0 0.0 -100.0 1.0 0.0
1.8 120 1e-100 -100.0 0.0 -100.0 1.0 0.0
1.8 130 1e-100 -100.0 0.0 -100.0 1.0 0.0
1.8 140 1e-100 -100.0 0.0 -100.0 1.0 0.0
1.8 150 1e-100 -100.0 0.0 -100.0 1.0 0.0
1.8 160 1e-100 -100.0 0.0 -100.0 1.0 0.0
1.8 170 1e-100 -100.0 0.0 -100.0 1.0 0.0
1.8 180 1e-100 -100.0 0.0 -100.0 1.0 0.0
1.9 0 1e-100 -100.0 0.0 -100.0 1.0 0.0
1.9 10 1e-100 -100.0 0.0 -100.0 1.0 0.0
1.9 20 1e-100 -100.0 0.0 -100.0 1.0 0.0
1.9 30 1e-100 -100.0 0.0 -100.0 1.0 0.0
1.9 40 1e-100 -100.0 0.0 -100.0 1.0 0.0
1.9 50 1e-100 -100.0 0.0 -100.0 1.0 0.0
1.9 60 1e-100 -100.0 0.0 -100.0 1.0 0.0
1.9 70 1e-100 -100.0 0.0 -100.0 1.0 0.0
1.9 80 1e-100 -100.0 0.0 -100.0 1.0 0.0
1.9 90 1e-100 -100.0 0.0 -100.0 1.0 0.0
1.9 100 1e-100 -100.0 0.0 -100.0 1.0 0.0
1.9 110 1e-100 -100.0 0.0 -100.0 1.0 0.0
1.9 120 1e-100 -100.0 0.0 -100.0 1.0 0.0
1.9 130 1e-100 -100.0 0.0 -100.0 1.0 0.0
1.9 140 1e-100 -100.0 0.0 -100.0 1.0 0.0
1.9 150 1e-100 -100.0 0.0 -100.0 1.0 0.0
1.9 160 1e-100 -100.0 0.0 -100.0 1.0 0.0
1.9 170 1e-100 -100.0 0.0 -100.0 1.0 0.0
1.9 180 1e-100 -100.0 0.0 -100.0 1.0 0.0
2.0 0 1e-100 -100.0 0.0 -100.0 1.0 0.0
2.0 10 1e-100 -100.0 0.0 -100.0 1.0 0.0
2.0 20 1e-100 -100.0 0.0 -100.0 1.0 0.0
2.0 30 1e-100 -100.0 0.0 -100.0 1.0 0.0
2.0 40 1e-100 -100.0 0.0 -100.0 1.0 0.0
2.0 50 1e-100 -100.0 0.0 -100.0 1.0 0.0
2.0 60 1e-100 -100.0 0.0 -100.0 1.0 0.0
2.0 70 1e-100 -100.0 0.0 -100.0 1.0 0.0
2.0 80 1e-100 -100.0 0.0 -100.0 1.0 0.0
2.0 90 1e-100 -100.0 0.0 -100.0 1.0 0.0
2.0 100 1e-100 -100.0 0.0 -100.0 1.0 0.0
2.0 110 1e-100 -100.0 0.0 -100.0 1.0 0.0
2.0 120 1e-100 -100.0 0.0 -100.0 1.0 0.0
2.0 130 1e-100 -100.0 0.0 -100.0 1.0 0.0
2.0 140 1e-100 -100.0 0.0 -100.0 1.0 0.0
2.0 150 1e-100 -100.0 0.0 -100.0 1.0 0.0
2.0 160 1e-100 -100.0 0.0 -100.0 1.0 0.0
2.0 170 1e-100 -100.0 0.0 -100.0 1.0 0.0
2.0 180 1e-100 -100.0 0.0 -100.0 1.0 0.0
3.0 0 1e-100 -100.0 0.0 -100.0 1.0 0.0
3.0 10 1e-100 -100.0 0.0 -100.0 1.0 0.0
3.0 20 1e-100 -100.0 0.0 -100.0 1.0 0.0
3.0 30 1e-100 -100.0 0.0 -100.0 1.0 0.0
3.0 40 1e-100 -100.0 0.0 -100.0 1.0 0.0
3.0 50 1e-100 -100.0 0.0 -100.0 1.0 0.0
3.0 60 1e-100 -100.0 0.0 -100.0 1.0 0.0
3.0 70 1e-100 -100.0 0.0 -100.0 1.0 0.0
3.0 80 1e-100 -100.0 0.0 -100.0 1.0 0.0
3.0 90 1e-100 -100.0 0.0 -100.0 1.0 0.0
3.0 100 1e-100 -100.0 0.0 -100.0 1.0 0.0
3.0 110 1e-100 -100.0 0.0 -100.0 1.0 0.0
3.0 120 1e-100 -100.0 0.0 -100.0 1.0 0.0
3.0 130 1e-100 -100.0 0.0 -100.0 1.0 0.0
3.0 140 1e-100 -100.0 0.0 -100.0 1.0 0.0
3.0 150 0.251189 -13.088453802036298 -1.5530812928248396 -13.697635823152014 2.18917459974611 -0.05499794115625856
3.0 160 0.251189 -12.778929516964256 -1.6494944280865638 -13.924891523180827 2.4252291798138867 -0.12427362586683739
3.0 170 0.251189 -13.284419127717122 -1.7074103921215353 -13.996012487795852 2.5089471633906144 -0.11934893368777306
3.0 180 0.251189 -13.267624506032083 -1.6568458338013647 -13.7191059339001 2.416794403210609 -0.09308468491773438
4.0 0 1e-100 -100.0 0.0 -100.0 1.0 0.0
4.0 10 1e-100 -100.0 0.0 -100.0 1.0 0.0
4.0 20 1e-100 -100.0 0.0 -100.0 1.0 0.0
4.0 30 1e-100 -100.0 0.0 -100.0 1.0 0.0
4.0 40 1e-100 -100.0 0.0 -100.0 1.0 0.0
4.0 50 1e-100 -100.0 0.0 -100.0 1.0 0.0
4.0 60 1e-100 -100.0 0.0 -100.0 1.0 0.0
4.0 70 1e-100 -100.0 0.0 -100.0 1.0 0.0
4.0 80 1e-100 -100.0 0.0 -100.0 1.0 0.0
4.0 90 1e-100 -100.0 0.0 -100.0 1.0 0.0
4.0 100 1e-100 -100.0 0.0 -100.0 1.0 0.0
4.0 110 1e-100 -100.0 0.0 -100.0 1.0 0.0
4.0 120 0.251189 -13.342361120561982 -1.6686975828463577 -13.884671566351946 2.3337829183413605 -0.05239705257454488
4.0 130 0.354813 -11.399060348423633 -1.4195083875362675 -12.75496693589298 1.6753993563331597 0.12082995144588725
4.0 140 0.354813 -11.26875151923239 -1.3742265486002836 -12.412216860686241 1.5571486555425869 0.19034286246683269
4.0 150 0.354813 -11.371720837962368 -1.4996482203582113 -12.854703727270271 1.756068227846157 0.1640380994688236
4.0 160 0.354813 -11.244469906259187 -1.5138737569381588 -12.917305719045501 1.8156580271293892 0.1404996022749738
4.0 170 0.354813 -11.009208246438822 -1.5753183665733554 -13.2556551936946 1.9528088711995955 0.08540407498145501
4.0 180 0.354813 -11.077458968788225 -1.5573334441335582 -13.136642923656902 1.9088811848928617 0.1032387498312089
5.0 0 1e-100 -100.0 0.0 -100.0 1.0 0.0
5.0 10 1e-100 -100.0 0.0 -100.0 1.0 0.0
5.0 20 1e-100 -100.0 0.0 -100.0 1.0 0.0
5.0 30 1e-100 -100.0 0.0 -100.0 1.0 0.0
5.0 40 1e-100 -100.0 0.0 -100.0 1.0 0.0
5.0 50 1e-100 -100.0 0.0 -100.0 1.0 0.0
5.0 60 1e-100 -100.0 0.0 -100.0 1.0 0.0
5.0 70 1e-100 -100.0 0.0 -100.0 1.0 0.0
5.0 80 1e-100 -100.0 0.0 -100.0 1.0 0.0
5.0 90 1e-100 -100.0 0.0 -100.0 1.0 0.0
5.0 100 0.251189 -12.824813814442463 -1.6791089193966766 -14.247161101766837 2.495138031626825 -0.13375230247358721
5.0 110 0.354813 -11.67579450443557 -1.3486433898331018 -12.281616265782313 1.5168279160789728 0.20403515115014853
5.0 120 0.354813 -11.265965836914722 -1.4994501467119785 -12.97725865443514 1.8074234855502054 0.12583737269909445
5.0 130 0.354813 -10.95696427163291 -1.575955822852881 -13.330259326687788 1.9759631653593384 0.07848380068589546
5.0 140 0.354813 -10.92668130523185 -1.5826040025496322 -13.28952257931785 1.9683941666777804 0.09244048692292439
5.0 150 0.354813 -10.515907579943294 -1.6719596170530255 -13.711144207702883 2.0999365749114056 0.06027672043369632
5.0 160 0.354813 -10.48355506687735 -1.6695600757030953 -13.640687875457752 2.1348799413002864 0.05025370593624108
5.0 170 0.501187 -11.405092796159083 -1.5596298399219206 -12.895345450781113 1.871709401744503 0.17515715677330568
5.0 180 0.354813 -10.376162425396217 -1.6856970224242183 -13.69584192230293 2.1534549268981262 0.052561558308556064
6.0 0 1e-100 -100.0 0.0 -100.0 1.0 0.0
6.0 10 1e-100 -100.0 0.0 -100.0 1.0 0.0
6.0 20 1e-100 -100.0 0.0 -100.0 1.0 0.0
6.0 30 1e-100 -100.0 0.0 -100.0 1.0 0.0
6.0 40 1e-100 -100.0 0.0 -100.0 1.0 0.0
6.0 50 1e-100 -100.0 0.0 -100.0 1.0 0.0
6.0 60 1e-100 -100.0 0.0 -100.0 1.0 0.0
6.0 70 1e-100 -100.0 0.0 -100.0 1.0 0.0
6.0 80 1e-100 -100.0 0.0 -100.0 1.0 0.0
6.0 90 0.251189 -12.74438554718989 -1.7056841670825136 -14.361724729704365 2.457671907510058 -0.11076134585511561
6.0 100 0.354813 -11.121121747546155 -1.3943936412470752 -12.75915561554422 1.579340319549885 0.17939704611337803
6.0 110 0.354813 -10.457923331808542 -1.527870523243609 -13.32482872745123 1.8581907100091661 0.09882442749786982
6.0 120 0.354813 -10.466341380198955 -1.574989239743016 -13.422762676299739 1.920670659956374 0.10381769060638509
6.0 130 0.354813 -10.318265412112739 -1.70306662466858 -13.865779069782787 2.1741145208947046 0.04333020890480383
6.0 140 0.354813 -9.593109480257676 -1.6087866284317125 -13.607917080583594 1.915337450334573 0.12055846868312788
6.0 150 0.354813 -10.977346997502814 -1.659381894814133 -13.540166628115184 1.9908851767276239 0.1594949312178934
6.0 160 0.501187 -11.60922200954739 -1.8517890915172779 -14.188136300545345 2.3409963464976267 0.08811831972648114
6.0 170 0.501187 -11.10741693906452 -1.781738390827896 -13.998837561222572 2.1478342610391454 0.13943951441493835
6.0 180 0.501187 -11.174513267221306 -1.6925224024946954 -13.636529750878697 1.9904297449971349 0.19800454796956285
7.0 0 1e-100 -100.0 0.0 -100.0 1.0 0.0
7.0 10 1e-100 -100.0 0.0 -100.0 1.0 0.0
7.0 20 1e-100 -100.0 0.0 -100.0 1.0 0.0
7.0 30 1e-100 -100.0 0.0 -100.0 1.0 0.0
7.0 40 1e-100 -100.0 0.0 -100.0 1.0 0.0
7.0 50 1e-100 -100.0 0.0 -100.0 1.0 0.0
7.0 60 1e-100 -100.0 0.0 -100.0 1.0 0.0
7.0 70 1e-100 -100.0 0.0 -100.0 1.0 0.0
7.0 80 0.354813 -11.134915491342918 -1.2120070728325965 -12.179042949781573 1.3254229618194782 0.21211349891984874
7.0 90 0.354813 -12.308522903807791 -1.4695084973000516 -12.913213260735926 1.7276730805970453 0.16355535189072504
7.0 100 0.354813 -10.34744550035829 -1.5373433205847544 -13.440685114340791 1.8471884221022723 0.10726860101904245
7.0 110 0.501187 -12.392762791791753 -1.5746257049582493 -12.952951599564747 1.8617571286117065 0.2056556079677328
7.0 120 0.354813 -9.793696833630017 -1.6637743098233566 -13.861561688055309 2.084403273194895 0.06597085498334905
7.0 130 0.501187 -11.619380645951129 -1.8491168932585234 -14.24658487136118 2.3298000667780845 0.09078912233854762
7.0 140 0.501187 -11.04937667427721 -1.7087679875310524 -13.764675965147589 1.9557649731053748 0.21849273475932987
7.0 150 0.501187 -10.565524840540188 -1.8169942413805864 -14.197684066215167 2.1332621239085285 0.15104481479693416
7.0 160 0.501187 -10.563038219264936 -1.7043053756000404 -13.751967980648134 1.8904708508390726 0.25081599161067963
7.0 170 0.501187 -10.548037311085004 -1.7059799206086033 -13.750383467472323 1.9206629967790705 0.2373325034499975
7.0 180 0.501187 -10.536633545390156 -1.7011660455194746 -13.725211798005024 1.8702390792375216 0.26228640270022946
8.0 0 1e-100 -100.0 0.0 -100.0 1.0 0.0
8.0 10 1e-100 -100.0 0.0 -100.0 1.0 0.0
8.0 20 1e-100 -100.0 0.0 -100.0 1.0 0.0
8.0 30 1e-100 -100.0 0.0 -100.0 1.0 0.0
8.0 40 1e-100 -100.0 0.0 -100.0 1.0 0.0
8.0 50 1e-100 -100.0 0.0 -100.0 1.0 0.0
8.0 60 1e-100 -100.0 0.0 -100.0 1.0 0.0
8.0 70 1e-100 -100.0 0.0 -100.0 1.0 0.0
8.0 80 0.354813 -10.886716765661294 -1.4474457683355881 -13.365096128121111 1.7454253284132064 0.07556916466185824
8.0 90 0.354813 -10.79562263892832 -1.4946981737148928 -13.204169860622175 1.7906178496964165 0.13468325385132682
8.0 100 0.354813 -10.277855286761481 -1.6279104032277611 -13.776552687598194 2.0334005212528417 0.07132436320866177
8.0 110 0.501187 -12.179581191329788 -1.7531032621610532 -13.818551058827003 2.2049754742087906 0.12429303567328165
8.0 120 0.501187 -11.913787298432153 -1.810961298587727 -14.109494958026264 2.2510931111139483 0.13490571917420144
8.0 130 0.501187 -10.63440174720719 -1.7432024928961622 -13.96348851798942 1.946307522370455 0.22481370979607998
8.0 140 0.501187 -10.383007243557826 -1.756370492168181 -14.01587933177934 1.9864112185537175 0.21181324875866395
8.0 150 0.501187 -10.453681767628368 -1.7352031961590089 -13.896624233333073 1.9271040217395843 0.23698148543525724
8.0 160 0.501187 -10.803993898376318 -1.6652754410456267 -13.526113472782269 1.782686798290741 0.3093700056662528
8.0 170 0.707946 -16.642998608327115 -1.7453973732660784 -12.815939810590303 1.973326963274012 0.4242931110253495
8.0 180 0.501187 -10.518482673373581 -1.5999805045012188 -13.283747459094828 1.614279782649952 0.37796668351876633
9.0 0 1e-100 -100.0 0.0 -100.0 1.0 0.0
9.0 10 1e-100 -100.0 0.0 -100.0 1.0 0.0
9.0 20 1e-100 -100.0 0.0 -100.0 1.0 0.0
9.0 30 1e-100 -100.0 0.0 -100.0 1.0 0.0
9.0 40 1e-100 -100.0 0.0 -100.0 1.0 0.0
9.0 50 1e-100 -100.0 0.0 -100.0 1.0 0.0
9.0 60 1e-100 -100.0 0.0 -100.0 1.0 0.0
9.0 70 0.251189 -13.173378858123973 -1.643309877064877 -14.197997680630477 2.312525889368217 -0.06261066953897343
9.0 80 0.354813 -10.480912344743068 -1.422014437175515 -13.05076308299888 1.6185591497900298 0.17182592183297807
9.0 90 0.354813 -9.894956208367661 -1.547538517242124 -13.619702572927928 1.8649238949094933 0.09993882495497089
9.0 100 0.354813 -10.98734014623455 -1.7015726062186984 -13.877721190795917 2.1503589414261417 0.09410434595877719
9.0 110 0.501187 -11.791647004850121 -1.8408908364721819 -14.273050603443583 2.2272260745891392 0.14610773032302493
9.0 120 0.501187 -10.677788395133646 -1.7588844524625078 -14.054155887738007 1.9983685966013092 0.211753975666143
9.0 130 0.501187 -10.717175234721367 -1.6807029860507652 -13.694668254284721 1.8227976789317895 0.2946449555364881
9.0 140 0.501187 -10.458148865666237 -1.614006680552228 -13.41054399671519 1.6399735668579176 0.3621717490743001
9.0 150 0.501187 -10.807921547094477 -1.5905814203622004 -13.199475954548614 1.5808130948358328 0.3997822777291292
9.0 160 0.501187 -11.750879012489406 -1.5717462578452777 -12.863715402490945 1.5448035658628 0.4564601932386305
9.0 170 0.707946 -15.866978439162263 -1.6927447880569098 -12.634449370006816 1.7638281934077435 0.500208466603111
9.0 180 0.501187 -12.56376555199887 -1.5175053813861465 -12.341285917935512 1.4431344075995736 0.5486204791503503
10.0 0 1e-100 -100.0 0.0 -100.0 1.0 0.0
10.0 10 1e-100 -100.0 0.0 -100.0 1.0 0.0
10.0 20 1e-100 -100.0 0.0 -100.0 1.0 0.0
10.0 30 1e-100 -100.0 0.0 -100.0 1.0 0.0
10.0 40 1e-100 -100.0 0.0 -100.0 1.0 0.0
10.0 50 1e-100 -100.0 0.0 -100.0 1.0 0.0
10.0 60 1e-100 -100.0 0.0 -100.0 1.0 0.0
10.0 70 0.354813 -10.750077515667005 -1.3325083124168307 -12.844216169781085 1.5189339754809874 0.14468699036034674
10.0 80 0.354813 -12.23726786774472 -1.5885559094050077 -13.373715846444483 1.9373355971577726 0.15043119934486288
10.0 90 0.501187 -12.662062834551987 -1.6053598770225463 -13.126862132282133 1.9762795540532858 0.17970957798373383
10.0 100 0.501187 -11.802696275487483 -1.8183938663221195 -14.255197302355247 2.2538749265518256 0.12324463496280459
10.0 110 0.501187 -10.832378420245204 -1.693376982565687 -13.816116282092032 1.8598068645646773 0.2728466422948486
10.0 120 0.501187 -10.536767448668312 -1.7213312427925094 -13.913972418324798 1.851289891727444 0.2773264531751815
10.0 130 0.501187 -10.650060674688723 -1.5675944161375726 -13.19078175209139 1.5544950696386728 0.40942924124884106
10.0 140 0.501187 -12.895681188224751 -1.582581774840084 -12.684351899172762 1.5595751712199992 0.4973776533718582
10.0 150 0.707946 -15.928045343767245 -1.6749643263898117 -12.54177254467531 1.7352608170951922 0.5123255647938896
10.0 160 0.501187 -11.137605619058618 -1.4155025089004032 -12.16005412254207 1.2724614072596576 0.5748105470108725
10.0 170 0.501187 -11.394257307174957 -1.358251621849579 -11.714899555105156 1.1887138857259407 0.6401987648916337
10.0 180 0.707946 -15.786357042989126 -1.7213149060286737 -12.796766237553681 1.8136634563572682 0.4660827609282247
20.0 0 1e-100 -100.0 0.0 -100.0 1.0 0.0
20.0 10 1e-100 -100.0 0.0 -100.0 1.0 0.0
20.0 20 1e-100 -100.0 0.0 -100.0 1.0 0.0
20.0 30 1e-100 -100.0 0.0 -100.0 1.0 0.0
20.0 40 1e-100 -100.0 0.0 -100.0 1.0 0.0
20.0 50 0.354813 -12.04799293828652 -1.3834572864198018 -12.88623768726554 1.5570685500312074 0.2303856346459901
20.0 60 0.501187 -13.88911934184922 -1.6678753099836263 -13.49821190876799 2.1043735957760763 0.17693754331038222
20.0 70 0.501187 -12.206578051352409 -1.7585411492617575 -14.173211997484257 2.084747222093661 0.22766703043568837
20.0 80 0.501187 -11.498013335234273 -1.5970868628308506 -13.418689125790085 1.5896124589121836 0.43014197115978503
20.0 90 0.707946 -13.736081464800852 -1.6510428749065535 -13.10787417423432 1.6730706604359886 0.46523815586433587
20.0 100 0.707946 -15.137441733750938 -1.4757043185004566 -11.321117221142762 1.2740147064120204 0.7019756339168014
20.0 110 0.707946 -15.128826866392881 -1.391045198963747 -10.576630916742744 1.1308084312877504 0.8342318537744913
20.0 120 0.707946 -14.782955972266159 -1.4304598303589915 -10.908669277338527 1.160946759824472 0.8231625934119142
20.0 130 0.707946 -15.768602822707502 -1.438876122997392 -10.603244539583557 1.1534220960386639 0.883176636255183
20.0 140 0.707946 -16.452560509026515 -1.3721799108593042 -9.770578293478838 1.0522549220100745 1.0079392048911764
20.0 150 0.707946 -17.496231652853705 -1.3418235350593994 -9.084576531957278 1.0010375041878221 1.1075847534476342
20.0 160 0.707946 -17.280848110991244 -1.342372070159561 -9.138365267578033 1.000051964254203 1.0994020653315368
20.0 170 0.707946 -19.824249562693122 -1.3559862347962413 -8.363515714899 1.0001391510771596 1.2113481218682132
20.0 180 0.707946 -17.89891222726329 -1.3483898403112242 -8.954061485817896 1.0000090116656226 1.1296515558028988
30.0 0 1e-100 -100.0 0.0 -100.0 1.0 0.0
30.0 10 1e-100 -100.0 0.0 -100.0 1.0 0.0
30.0 20 1e-100 -100.0 0.0 -100.0 1.0 0.0
30.0 30 1e-100 -100.0 0.0 -100.0 1.0 0.0
30.0 40 0.354813 -11.561391883779331 -1.4048190848505633 -13.383776970136205 1.6379814088403726 0.16018968113823528
30.0 50 0.501187 -12.064833023284784 -1.7362151366296217 -14.352610550559492 2.2052765176507743 0.12076452193525412
30.0 60 0.501187 -12.101546700474207 -1.7589147316143299 -14.274255869011085 1.9866312750258777 0.2808329440698534
30.0 70 0.501187 -11.69055200594381 -1.4177919808115713 -12.460915181089302 1.262445675080156 0.613044399327871
30.0 80 0.707946 -14.559276352650716 -1.476616938114689 -11.6316773145213 1.267183788030528 0.6904281363552592
30.0 90 0.707946 -14.773369432214263 -1.388387279469333 -10.764936436868341 1.1031444104098047 0.871771174864213
30.0 100 0.707946 -17.032475214855424 -1.4097854098626954 -10.087949556698808 1.0979723272423223 0.9914610729426413
30.0 110 1.0 -15.27108239345306 -1.3353570801967873 -9.947135958773302 1.000726489690989 1.0070336828078967
30.0 120 0.707946 -18.83742624587393 -1.3580665467464395 -8.811154133106049 1.0000504870957525 1.167910170166614
30.0 130 0.707946 -20.039451113235963 -1.3536036901935864 -8.285269277059637 1.0002151069978948 1.1984702385875465
30.0 140 0.707946 -21.153741666983585 -1.3643939765004764 -7.959176097265117 1.0000393217934713 1.240788798192691
30.0 150 0.707946 -18.944708740487847 -1.3565192139757154 -8.591937455856556 1.0001163321159823 1.142507552873227
30.0 160 1.0 -17.725163914513523 -1.3531549458364247 -8.954421483368002 1.0001704005234684 1.088396441479168
30.0 170 1.0 -21.510086554817704 -1.3582893848093642 -7.673660996134111 1.0020993771050641 1.2194373392940787
30.0 180 0.707946 -23.184081425722866 -1.373747404144745 -7.279579377738541 1.000062219976603 1.302005532243692
40.0 0 1e-100 -100.0 0.0 -100.0 1.0 0.0
40.0 10 1e-100 -100.0 0.0 -100.0 1.0 0.0
40.0 20 1e-100 -100.0 0.0 -100.0 1.0 0.0
40.0 30 1e-100 -100.0 0.0 -100.0 1.0 0.0
40.0 40 0.354813 -10.656363558833714 -1.6738018124291 -14.599885130420269 2.1645046416565963 0.04116580552324414
40.0 50 0.501187 -11.517630282298432 -1.7838353771761708 -14.614788040656187 2.02212065176001 0.24492038168282043
40.0 60 0.707946 -13.904801316624033 -1.6601726425047847 -13.421749985638323 1.687938821431394 0.4648920853918706
40.0 70 0.707946 -15.259353440936941 -1.328718249220676 -10.32711195486145 1.047863451111813 0.902120294981347
40.0 80 0.707946 -15.123033616826266 -1.340985820909431 -10.315083185062576 1.0233026021818024 0.9715741677088667
40.0 90 0.707946 -17.599769673122754 -1.3402986681767808 -9.287909183624821 1.000034702918788 1.1090246045553478
40.0 100 0.707946 -17.888612570437566 -1.3521604900161368 -9.178514937397608 1.0001424089781843 1.1202744140720504
40.0 110 1.0 -17.036360797920395 -1.3449597779233182 -9.312914161987267 1.0005153018328534 1.0637611529730984
40.0 120 0.707946 -20.801124436725985 -1.361448744617857 -8.076524414465197 1.0001088985022415 1.208581521869306
40.0 130 0.707946 -20.041552841924325 -1.3598710581449112 -8.24667368850893 1.000278549852233 1.1630716395704674
40.0 140 0.707946 -21.197385912669578 -1.3661991167196639 -7.864379069268441 1.000187876732213 1.204101386119626
40.0 150 0.707946 -22.456492153482856 -1.3661224693180176 -7.393972386339082 1.000121132531204 1.239708827120069
40.0 160 1.0 -21.07456561622691 -1.3623206786503137 -7.792831528232087 1.0010529595562545 1.1800692564751134
40.0 170 0.707946 -19.407579776053463 -1.3538047116311445 -8.265830045813672 1.000211132128358 1.1143711009400346
40.0 180 0.707946 -18.636353163984257 -1.3539338204438354 -8.528507591447582 1.000303204080572 1.0847376574265806
100.0 0 1e-100 -100.0 0.0 -100.0 1.0 0.0
100.0 10 1e-100 -100.0 0.0 -100.0 1.0 0.0
100.0 20 0.251189 -13.02265272808788 -1.686848178756126 -15.428614967950423 2.4567990564703397 -0.10413935278070138
100.0 30 0.501187 -11.609631937214747 -1.7646679241442615 -14.969837435064084 2.0328132255279754 0.23244229542026285
100.0 40 0.707946 -14.496776257443873 -1.4103545383508143 -11.729312426361359 1.1760247641006047 0.7506539427181881
100.0 50 0.707946 -17.030895645363476 -1.3564593408491754 -10.115248976619286 1.0232454174729315 1.0637393576774907
100.0 60 1.0 -16.152751109787577 -1.3482989412164939 -10.105909414116717 1.000361017271711 1.0398490435878909
100.0 70 0.707946 -18.638079001116605 -1.3845868512372368 -9.381629476867833 1.0421862674869027 1.0619358309410813
100.0 80 0.707946 -21.280737005418345 -1.3652415620492486 -8.107563656742071 1.000179597571657 1.1880837787482863
100.0 90 0.707946 -21.593532461311753 -1.3687646556353152 -7.899522355188387 1.000068901993723 1.1820057118513012
100.0 100 0.707946 -24.999999999999996 -1.3949632555002605 -6.962624137454055 1.0000000000000002 1.3074554658859248
100.0 110 0.707946 -23.588550294395684 -1.3828834889637027 -7.175776732538598 1.0001015413947243 1.2284762739243733
100.0 120 0.707946 -24.999999999999996 -1.3998277961475942 -6.846207046957814 1.0000000000000002 1.2851833502932883
100.0 130 0.707946 -24.999999999999993 -1.3963146504962796 -6.729708698290195 1.0000000000027751 1.2649989445625924
100.0 140 0.707946 -24.99999999999997 -1.3995585107479318 -6.717212167362931 1.0000000000000002 1.2613551208452076
100.0 150 0.707946 -24.999999999999996 -1.405982972946989 -6.75498083208931 1.0000000000000009 1.2611270911392156
100.0 160 0.707946 -24.708278992729074 -1.3994607006871642 -6.738541189763135 1.0000376913043993 1.2383848451499313
100.0 170 0.707946 -23.747408459241516 -1.3971417587157031 -7.005165864526577 1.000000000101582 1.2028998932542077
100.0 180 0.707946 -24.999999999999996 -1.4102432738583843 -6.75921262046446 1.0000000000000002 1.259893538451786
