agnpy/data/mwl_seds/Mrk421_2011.ecsv
# %ECSV 1.0
# ---
# datatype:
# - {name: e_ref, unit: eV, datatype: float64}
# - {name: e2dnde, unit: erg / (cm2 s), datatype: float64}
# - {name: e2dnde_err, unit: erg / (cm2 s), datatype: float64}
# meta: !!omap
# - {SED_TYPE: e2dnde}
# - {source: Mrk421}
# - {period: '2009'}
# - {reference: 'https://ui.adsabs.harvard.edu/abs/2011ApJ...736..131A/abstract'}
# - {redshift: 0.03}
# schema: astropy-2.0
e_ref e2dnde e2dnde_err
9.51013329578429e-06 1.3409e-14 3.91e-16
1.9847234704245474e-05 2.3136e-14 2.4e-16
1.987204457475932e-05 1.773414e-14 1.773414e-15
3.183827233806045e-05 3.696e-14 4.62e-16
3.4190995791492676e-05 2.836267e-14 2.836267e-15
3.46927060468096e-05 3.16345e-14 1.931495e-15
3.473958384015423e-05 4.0005e-14 5.041094e-15
4.589673025356767e-05 4.6176e-14 6.66e-16
6.172405459972617e-05 6.368235e-14 1.621386e-16
6.20336506835179e-05 3.855e-14 2.709359e-15
6.20336506835179e-05 4.8375e-14 3.395769e-15
6.3533905497254e-05 4.978422e-14 4.978422e-15
9.09837381287546e-05 1.122e-13 4.943885e-14
9.179346050713533e-05 6.7932e-14 6.216e-15
9.842781591318663e-05 7.117545e-14 7.117546e-15
0.0001530197047861828 1.462923e-13 8.140199e-15
0.00017869748652290545 1.153907e-13 1.153907e-14
0.00017871026573608892 7.199119e-14 7.216404e-15
0.00017871026573608892 9.096126e-14 9.117732e-15
0.0009512035702924876 5.681e-13 4.753333e-14
0.5809785980638636 6.062274e-11 5.669552e-13
0.5871184103267169 4.288929e-11 4.948616e-13
0.7623524405801565 6.168793e-11 7.277505e-13
0.9939113698983111 9.562824e-11 5.808794e-13
0.9970383482439553 6.163756e-11 7.916657e-13
1.3698989814958287 6.089521e-11 1.334518e-13
1.5459874406954528 7.568818e-11 3.985502e-13
1.7947081502555324 6.649275e-11 1.165315e-13
1.7947081502555324 7.199342e-11 2.468092e-13
1.8989244948173956 9.270129e-11 8.574353e-13
1.949387084921721 7.753473e-11 1.600079e-13
1.949387084921721 9.794059e-11 2.883171e-13
2.152200642345637 7.893424e-11 1.446908e-13
2.2590286610581076 9.097549e-11 1.656096e-13
2.2590286610581076 1.095292e-10 3.327595e-13
2.597251836647934 9.460537e-11 6.613772e-13
2.7478079241870597 8.150921e-11 2.025489e-13
2.836247937185467 8.796137e-11 2.840166e-13
4.966266925838653 1.19939e-10 6.50751e-13
5.720587899751383 1.375669e-10 5.290993e-13
6.742317011279513 1.42996e-10 6.075196e-13
345.39173519229 2.9752e-10 1.061128e-12
415.25122714534297 3.038032e-10 9.43548e-13
499.24084813509086 3.016012e-10 9.226051e-13
600.2177241899535 3.08321e-10 9.560387e-13
721.6190087328443 3.106028e-10 8.797329e-13
867.5749930926812 3.017214e-10 7.934078e-13
1043.0522006067 2.91174e-10 7.512085e-13
1254.0217082957192 2.773099e-10 7.288943e-13
2530.725899641987 2.189431e-10 1.096225e-12
3024.3323141067885 2.026132e-10 1.12251e-12
3456.6270413979246 2.275909e-10 5.963279e-13
3614.2150047221294 1.815045e-10 1.134076e-12
3858.8091450542183 2.137195e-10 5.745879e-13
4261.462301261192 2.034302e-10 5.78577e-13
4319.150729965583 1.599814e-10 1.161699e-12
4664.619595360421 1.92766e-10 5.965604e-13
5068.285576586371 1.831281e-10 6.300546e-13
5161.582104161276 1.371831e-10 1.268533e-12
5472.472651942134 1.714314e-10 6.651987e-13
5877.1932284307995 1.650449e-10 6.97588e-13
6168.323555955753 1.182152e-10 1.516473e-12
6282.447306052368 1.584728e-10 7.223261e-13
6688.239020474536 1.506239e-10 7.457634e-13
7094.560100361912 1.455495e-10 7.819029e-13
7371.430645667873 9.858767e-11 2.038083e-12
7501.422952717584 1.374508e-10 8.202885e-13
7908.81930620616 1.319425e-10 8.654677e-13
8316.745025159942 1.293873e-10 9.133146e-13
8725.200109578931 1.236334e-10 9.587381e-13
8809.191384835756 8.460679e-11 3.45022e-12
9134.180423795427 1.184789e-10 1.011287e-12
9543.69010347713 1.150234e-10 1.081205e-12
10348.491037298514 1.076853e-10 7.17767e-13
11584.790995946145 9.785241e-11 9.049351e-13
13214.740348657775 8.746557e-11 9.949986e-13
14966.629863413207 5.219438e-11 7.539957e-12
15296.90015002185 7.450991e-11 1.552041e-12
16970.563510289965 5.2567e-11 7.685355e-12
17389.324678609686 6.377387e-11 2.580904e-12
19899.749412661015 4.49181e-11 5.87701e-12
20659.041459145446 5.159649e-11 3.157928e-12
24819.34946420758 3.521743e-11 5.723799e-12
27045.802711517324 4.17094e-11 8.500545e-12
35338.36648765335 1.785744e-11 4.783685e-12
57990.00159285059 2.00831e-11 6.316832e-12
121224.85695894003 1.749813e-11 1.261572e-11
158429819.8405907 2.169504e-11 2.958277e-12
397971125.450609 2.778789e-11 2.101036e-12
1000067724.831952 2.82562e-11 2.332301e-12
2511948727.5976434 4.085394e-11 3.976984e-12
6309515251.128735 4.949722e-11 6.866338e-12
15848974566.551912 6.512987e-11 1.158324e-11
39810913268.16554 5.386962e-11 1.6369e-11
99763471152.58517 7.491067e-11 1.122301e-11
100000114058.20316 9.754259e-11 3.560456e-11
158114557892.0542 8.199207e-11 7.050657e-12
250595118230.3564 5.614334e-11 5.793969e-12
251188338404.8032 1.14705e-10 6.573696e-11
397166076376.7258 4.662219e-11 5.097912e-12
629465579709.3688 5.221583e-11 4.89063e-12
997634711525.8517 3.66834e-11 4.682033e-12
1581145578920.5417 2.247871e-11 4.343216e-12
2505951182303.5645 1.972081e-11 4.407365e-12
3971660763767.2583 7.994215e-12 3.469109e-12
