agnpy/data/mwl_seds/Mrk421_2011.ecsv
# %ECSV 1.0
# ---
# datatype:
# - {name: e_ref, unit: eV, datatype: float64}
# - {name: e2dnde, unit: erg / (cm2 s), datatype: float64}
# - {name: e2dnde_errn, unit: erg / (cm2 s), datatype: float64}
# - {name: e2dnde_errp, unit: erg / (cm2 s), datatype: float64}
# - {name: instrument, datatype: string}
# meta: !!omap
# - {SED_TYPE: e2dnde}
# - {source: Mrk421}
# - {period: '2009'}
# - {reference: 'https://ui.adsabs.harvard.edu/abs/2011ApJ...736..131A/abstract'}
# - {redshift: 0.03}
# schema: astropy-2.0
e_ref e2dnde e2dnde_errn e2dnde_errp instrument
9.51013329578429e-06 1.3409e-14 3.91e-16 3.91e-16 RATAN
1.9847234704245474e-05 2.3136e-14 2.4e-16 2.4e-16 RATAN
1.9872048710427018e-05 1.77341e-14 1.77341e-15 1.77341e-15 VLBA(BK150)
3.183827233806045e-05 3.696e-14 4.62e-16 4.62e-16 RATAN
3.419101233416347e-05 2.83627e-14 2.83627e-15 2.83627e-15 VLBA(BK150)
3.46927101824773e-05 3.16345e-14 1.93149e-15 1.93149e-15 Medicina
3.4739567297483445e-05 4.0005e-14 5.04109e-15 5.04109e-15 Noto
4.58968129669216e-05 4.6176e-14 6.66e-16 6.66e-16 RATAN
6.17240132430492e-05 6.36824e-14 1.62139e-16 1.62139e-16 OVRO
6.203377475354881e-05 4.8375e-14 3.39577e-15 3.39577e-15 VLBA(MOJAVE)
6.203377475354881e-05 3.855e-14 2.70936e-15 2.70936e-15 VLBA_core(MOJAVE)
6.353378142722309e-05 4.97842e-14 4.97842e-15 4.97842e-15 VLBA(BK150)
9.09838621987855e-05 1.122e-13 4.94389e-14 4.94389e-14 Noto
9.17936259338432e-05 6.7932e-14 6.216e-15 6.216e-15 RATAN
9.842765048647877e-05 7.11755e-14 7.11755e-15 7.11755e-15 VLBA(BK150)
0.0001530197047861828 1.46292e-13 8.1402e-15 8.1402e-15 Metsahovi
0.00017869765194961331 1.15391e-13 1.15391e-14 1.15391e-14 VLBA(BK150)
0.0001787104725194738 9.09613e-14 9.11773e-15 9.11773e-15 VLBA(BP143)
0.0001787104725194738 7.19912e-14 7.2164e-15 7.2164e-15 VLBA_core(BP143)
0.0009512035702924876 5.681e-13 4.75333e-14 4.75333e-14 SMA
0.5809785980638636 6.06227e-11 5.66955e-13 5.66955e-13 WIRO
0.5871200645937956 4.28893e-11 4.94862e-13 4.94862e-13 OAGH
0.7623524405801565 6.16879e-11 7.27751e-13 7.27751e-13 OAGH
0.9939126105986202 9.56282e-11 5.80879e-13 5.80879e-13 WIRO
0.9970391753774948 6.16376e-11 7.91666e-13 7.91666e-13 OAGH
1.369898567929059 6.08952e-11 1.33452e-13 1.33452e-13 GRT
1.545987027128683 7.56882e-11 3.9855e-13 3.9855e-13 MITSuME
1.794710218089381 7.19934e-11 2.46809e-13 2.46809e-13 GASP
1.794710218089381 6.64927e-11 1.16531e-13 1.16531e-13 GRT
1.8989249083841653 9.27013e-11 8.57435e-13 8.57435e-13 MITSuME
1.9493883256220301 7.75347e-11 1.60008e-13 1.60008e-13 ROVOR
1.9493883256220301 9.79406e-11 2.88317e-13 2.88317e-13 NewMexicoSkies
2.1522014694791762 7.89342e-11 1.44691e-13 1.44691e-13 GRT
2.2590299017584163 9.09755e-11 1.6561e-13 1.6561e-13 ROVOR
2.2590299017584163 1.09529e-10 3.32759e-13 3.32759e-13 NewMexicoSkies
2.597253077348243 9.46054e-11 6.61377e-13 6.61377e-13 MITSuME
2.7478079241870597 8.15092e-11 2.02549e-13 2.02549e-13 GRT
2.8362491778857764 8.79614e-11 2.84017e-13 2.84017e-13 ROVOR
4.966275197174046 1.19939e-10 6.50751e-13 6.50751e-13 Swift/UVOT
5.72057962841599 1.37567e-10 5.29099e-13 5.29099e-13 Swift/UVOT
6.742296332941029 1.42996e-10 6.0752e-13 6.0752e-13 Swift/UVOT
345.3915284089052 2.9752e-10 1.06113e-12 1.06113e-12 Swift/XRT
415.2499864450339 3.03803e-10 9.43548e-13 9.43548e-13 Swift/XRT
499.24126170186054 3.01601e-10 9.22605e-13 9.22605e-13 Swift/XRT
600.2177241899535 3.08321e-10 9.56039e-13 9.56039e-13 Swift/XRT
721.6202494331534 3.10603e-10 8.79733e-13 8.79733e-13 Swift/XRT
867.5762337929901 3.01721e-10 7.93408e-13 7.93408e-13 Swift/XRT
1043.0526141734695 2.91174e-10 7.51209e-13 7.51209e-13 Swift/XRT
1254.0212947289494 2.7731e-10 7.28894e-13 7.28894e-13 Swift/XRT
2530.726726775526 2.18943e-10 1.09623e-12 1.09623e-12 Swift/XRT
3024.33107340648 2.02613e-10 1.12251e-12 1.12251e-12 Swift/XRT
3456.6282820982337 2.27591e-10 5.96328e-13 5.96328e-13 RXTE/PCA
3614.21376402182 1.81505e-10 1.13408e-12 1.13408e-12 Swift/XRT
3858.809558620988 2.13719e-10 5.74588e-13 5.74588e-13 RXTE/PCA
4261.4747082642825 2.0343e-10 5.78577e-13 5.78577e-13 RXTE/PCA
4319.16727263637 1.59981e-10 1.1617e-12 1.1617e-12 Swift/XRT
4664.619595360421 1.92766e-10 5.9656e-13 5.9656e-13 RXTE/PCA
5068.302119257159 1.83128e-10 6.30055e-13 6.30055e-13 RXTE/PCA
5161.602782499761 1.37183e-10 1.26853e-12 1.26853e-12 Swift/XRT
5472.480923277527 1.71431e-10 6.65199e-13 6.65199e-13 RXTE/PCA
5877.197364098496 1.65045e-10 6.97588e-13 6.97588e-13 RXTE/PCA
6168.307013284966 1.18215e-10 1.51647e-12 1.51647e-12 Swift/XRT
6282.451441720064 1.58473e-10 7.22326e-13 7.22326e-13 RXTE/PCA
6688.243156142234 1.50624e-10 7.45763e-13 7.45763e-13 RXTE/PCA
7094.572507365003 1.4555e-10 7.81903e-13 7.81903e-13 RXTE/PCA
7371.414102997086 9.85877e-11 2.03808e-12 2.03808e-12 Swift/XRT
7501.439495388372 1.37451e-10 8.20289e-13 8.20289e-13 RXTE/PCA
7908.802763535373 1.31943e-10 8.65468e-13 8.65468e-13 RXTE/PCA
8316.745025159942 1.29387e-10 9.13315e-13 9.13315e-13 RXTE/PCA
8725.183566908141 1.23633e-10 9.58738e-13 9.58738e-13 RXTE/PCA
8809.178977832666 8.46068e-11 3.45022e-12 3.45022e-12 Swift/XRT
9134.201102133913 1.18479e-10 1.01129e-12 1.01129e-12 RXTE/PCA
9543.673560806343 1.15023e-10 1.0812e-12 1.0812e-12 RXTE/PCA
10348.474494627726 1.07685e-10 7.17767e-13 7.17767e-13 RXTE/PCA
11584.790995946145 9.78524e-11 9.04935e-13 9.04935e-13 RXTE/PCA
13214.740348657775 8.74656e-11 9.94999e-13 9.94999e-13 RXTE/PCA
14966.650541751691 5.21944e-11 7.53996e-12 7.53996e-12 Swift/BAT
15296.883607351063 7.45099e-11 1.55204e-12 1.55204e-12 RXTE/PCA
16970.54696761918 5.2567e-11 7.68535e-12 7.68535e-12 Swift/BAT
17389.324678609686 6.37739e-11 2.5809e-12 2.5809e-12 RXTE/PCA
19899.75768399641 4.49181e-11 5.87701e-12 5.87701e-12 Swift/BAT
20659.02491647466 5.15965e-11 3.15793e-12 3.15793e-12 RXTE/PCA
24819.341192872187 3.52174e-11 5.7238e-12 5.7238e-12 Swift/BAT
27045.81925418811 4.17094e-11 8.50054e-12 8.50054e-12 RXTE/PCA
35338.37062332105 1.78574e-11 4.78368e-12 4.78368e-12 Swift/BAT
57989.91887949666 2.00831e-11 6.31683e-12 6.31683e-12 Swift/BAT
121224.69153223214 1.74981e-11 1.26157e-11 1.26157e-11 Swift/BAT
158429985.26729855 2.1695e-11 2.95828e-12 2.95828e-12 Fermi
397971166.80728596 2.77879e-11 2.10104e-12 2.10104e-12 Fermi
1000066484.1316428 2.82562e-11 2.3323e-12 2.3323e-12 Fermi
2511946659.763795 4.08539e-11 3.97698e-12 3.97698e-12 Fermi
6309498708.457947 4.94972e-11 6.86634e-12 6.86634e-12 Fermi
15848995244.890396 6.51299e-11 1.15832e-11 1.15832e-11 Fermi
39810929810.83633 5.38696e-11 1.6369e-11 1.6369e-11 Fermi
99763471152.58517 7.49107e-11 1.1223e-11 1.1223e-11 MAGIC
100000031344.84921 9.75426e-11 3.56046e-11 3.56046e-11 Fermi
158114433822.02325 8.19921e-11 7.05066e-12 7.05066e-12 MAGIC
250594994160.32553 5.61433e-11 5.79397e-12 5.79397e-12 MAGIC
251188462474.83414 1.14705e-10 6.5737e-11 6.5737e-11 Fermi
397165952306.69495 4.66222e-11 5.09791e-12 5.09791e-12 MAGIC
629465166142.599 5.22158e-11 4.89063e-12 4.89063e-12 MAGIC
997634711525.8517 3.66834e-11 4.68203e-12 4.68203e-12 MAGIC
1581144338220.2327 2.24787e-11 4.34322e-12 4.34322e-12 MAGIC
2505949941603.2554 1.97208e-11 4.40736e-12 4.40736e-12 MAGIC
3971659523066.9497 7.99422e-12 3.46911e-12 3.46911e-12 MAGIC
