tests/PKS1510-089/PKS1510-089_model.ecsv
# %ECSV 0.9
# ---
# datatype:
# - {name: nu, unit: Hz, datatype: float64}
# - {name: nuFnu_syn, unit: erg / (cm2 s), datatype: float64}
# - {name: nuFnu_torus, unit: erg / (cm2 s), datatype: float64}
# - {name: nuFnu_disk, unit: erg / (cm2 s), datatype: float64}
# - {name: nuFnu_ssc, unit: erg / (cm2 s), datatype: float64}
# - {name: nuFnu_ec_disk, unit: erg / (cm2 s), datatype: float64}
# - {name: nuFnu_ec_blr, unit: erg / (cm2 s), datatype: float64}
# - {name: nuFnu_ec_torus, unit: erg / (cm2 s), datatype: float64}
# - {name: tauYY_blr, datatype: float64}
# - {name: tauYY_torus, unit: '', datatype: float64}
# meta: !!omap
# - {obj_name: PKS 1510-089}
# - {z: 0.361}
# schema: astropy-2.0
nu nuFnu_syn nuFnu_torus nuFnu_disk nuFnu_ssc nuFnu_ec_disk nuFnu_ec_blr nuFnu_ec_torus tauYY_blr tauYY_torus
100000000.0 1.2024727012273213e-25 2.7521373008048333e-27 2.610996086913842e-31 0.0 8.519576238182843e-32 5.526702313570341e-33 3.4911445725569543e-31 0.0 0.0
159160341.5265799 5.3802786802978015e-25 1.1096188994291541e-26 1.0527147148731353e-30 0.0 2.1581760401582094e-31 1.400025020427059e-32 8.843772426988072e-31 0.0 0.0
253320143.14857653 2.5520933853261145e-24 4.473805486747969e-26 4.244388199554939e-30 0.0 5.467077697530561e-31 3.546545382692116e-32 2.240305696477757e-30 0.0 0.0
403185204.99089545 1.3180768889398809e-23 1.8037633603087747e-25 1.7112733830248708e-29 6.094963101039013e-20 1.3849141572977129e-30 8.984113827485452e-32 5.675145594459609e-30 0.0 0.0
641710949.248153 7.535654966554607e-23 7.2724503906978575e-25 6.899593760967865e-29 2.892293557946678e-19 3.5082398401631806e-30 2.2758569956892607e-31 1.4376286932391196e-29 0.0 0.0
1021349338.436818 4.665917275717277e-22 2.9321080738026835e-24 2.78180941704523e-28 8.595386071241063e-19 8.886973929126616e-30 5.7652041785629165e-31 3.641803059068447e-29 0.0 0.0
1625583095.2355103 2.9763495548083092e-21 1.1821592831262393e-23 1.1215813790056616e-27 2.2355396900007006e-18 2.251209614406943e-29 1.4604423394185703e-30 9.22542070391572e-29 0.0 0.0
2587283606.1751866 1.9041358773747707e-20 4.766141738022385e-23 4.522030795688186e-27 5.20252614506078e-18 5.702620312144593e-29 3.6995945910476895e-30 2.336984885860515e-28 0.0 0.0
4117929423.8496556 1.2167314109739772e-19 1.9215418421003135e-22 1.8232034729288978e-26 1.1569100815040285e-17 1.444538099410391e-28 9.371818177804087e-30 5.920053428139844e-28 0.0 0.0
6554110534.822636 7.760501755059842e-19 7.746756453296093e-22 7.35080682883787e-26 2.3019582726808277e-17 3.6591589714100973e-28 2.3740702674681182e-29 1.4996687697347266e-27 0.0 0.0
10431544711.253258 4.9367093295694935e-18 3.1229823463820295e-21 2.963685330334508e-25 4.0384923606468814e-17 9.269157077040832e-28 6.013997978667086e-29 3.798963025344668e-27 0.0 0.0
16602882188.928635 3.128576346219434e-17 1.2588866739567253e-20 1.1948812045703356e-24 6.604854631663322e-17 2.347863741984675e-27 1.5234667396139561e-28 9.623538376799748e-27 0.0 0.0
26425203995.154514 1.9720703894815298e-16 5.074017698458026e-20 4.817373291075401e-24 1.029368222761469e-16 5.946860144311173e-27 3.8592477658203085e-28 2.437836039712749e-26 0.0 0.0
42058444927.78353 1.233641449192775e-15 2.0447250153699033e-19 1.942158279422306e-23 1.5556234766274913e-16 1.5062802842918738e-26 9.776250514215744e-28 6.175529425020037e-26 0.0 0.0
66940364587.82878 7.634726233163098e-15 8.237333196167743e-19 7.829626290914991e-23 2.301653195139276e-16 3.8151250164482986e-26 2.4765205948523104e-27 1.5643858687402747e-25 0.0 0.0
106542512897.12646 4.654152087242423e-14 3.3168772839972815e-18 3.1562321856793914e-22 3.340706209689915e-16 9.662458055588856e-26 6.273523157911925e-27 3.962904001076854e-25 0.0 0.0
169573427398.0669 2.767475584883465e-13 1.3345636863773109e-17 1.272188561652081e-21 4.785055687534984e-16 2.447043466608087e-25 1.5892088336798691e-26 1.0038831987725074e-24 0.0 0.0
269893646185.09024 1.4347881114163103e-12 5.3631338914492575e-17 5.126982212091076e-21 6.7645226487275315e-16 6.195980450006833e-25 4.0257822592852866e-26 2.5430375092269337e-24 0.0 0.0
429563649026.7305 3.652163591729046e-12 2.1510553791845866e-16 2.0656520485842263e-20 9.461657268643555e-16 1.568577898702917e-24 1.01981019279604e-25 6.442022843928125e-24 0.0 0.0
683694970864.9833 4.852603936646597e-12 8.600674867474097e-16 8.318968548850987e-20 1.3111592454362572e-15 3.969661456984973e-24 2.583378409668045e-25 1.6318927722076382e-23 0.0 0.0
1088171250628.7626 5.101138671367618e-12 3.4217570657194758e-15 3.348037466580564e-19 1.7987885610784475e-15 1.0042591025088834e-23 6.544192766657637e-25 4.1339075556111e-23 0.0 0.0
1731937078894.794 4.879190655227158e-12 1.3504846151519724e-14 1.3460054297366984e-18 2.4448664828099325e-15 2.5386858560424296e-23 1.6577657221648793e-24 1.0471998156834222e-22 0.0 0.0
2756556969794.4365 4.448209611201341e-12 5.261598963284143e-14 5.402108537695263e-18 3.29213397932346e-15 6.412012756971904e-23 4.199413680795473e-24 2.65275904861601e-22 0.0 0.0
4387345487499.567 3.975862019596709e-12 2.0072971991812954e-13 2.1622182025039812e-17 4.387702029210611e-15 1.6171435990265567e-22 1.0637796220024721e-23 6.719936638015981e-22 0.0 0.0
6982914061855.302 3.540649796184949e-12 7.397062423773554e-13 8.616899039214018e-17 5.785717435612382e-15 4.0709147853581737e-22 2.694701759058584e-23 1.702280642803086e-21 0.0 0.0
11114029869356.516 3.1522870865586863e-12 2.5720809600405637e-12 3.4102596915155947e-16 7.536689602421863e-15 1.0225449130690388e-21 6.825955243986805e-23 4.312160621562557e-21 0.0 0.0
17689127897434.0 2.806512933923861e-12 8.095075586726825e-12 1.334713257352384e-15 9.6782305760085e-15 2.5566068094318892e-21 1.7290444004084376e-22 1.0923333022398855e-20 0.0 0.0
28154076374629.477 2.498666706752954e-12 2.1369340657564423e-11 5.131023627127063e-15 1.2224342400333743e-14 6.3588647546645526e-21 4.379584957064423e-22 2.767004153909408e-20 0.0 0.0
44810124111514.414 2.224588100070632e-12 4.108172890808825e-11 1.9161794889861897e-14 1.5213150246976058e-14 1.5722938736209067e-20 1.1092631503125521e-21 7.008991318639072e-20 0.0 0.0
71319946574370.95 1.9805731361298974e-12 4.463992750338194e-11 6.827598344288029e-14 1.8709507566232064e-14 3.846025253293399e-20 2.8092892880245366e-21 1.775362437136315e-19 0.0 0.0
113513070544343.11 1.7633241178997041e-12 1.807825106413962e-11 2.2552938702214275e-13 2.27775047907806e-14 9.295640053180977e-20 7.113705545368827e-21 4.496720788464699e-19 0.0 0.0
180667790755684.06 1.5699050570027132e-12 1.447602443368941e-12 6.619290124123909e-13 2.7479307129802728e-14 2.206111041624402e-19 1.8009347212193455e-20 1.1388560513822273e-18 0.0 0.0
287551472795274.6 1.397701984631789e-12 8.674220044890945e-15 1.6465529390663072e-12 3.286242896069348e-14 5.1234305754273445e-19 4.557748905871885e-20 2.8839284374951313e-18 0.0 0.0
457667906165671.4 1.244387604598216e-12 8.383037562622414e-19 3.4370122602654768e-12 3.8954466792057595e-14 1.1567502598446628e-18 1.1528637501374303e-19 7.301447960167852e-18 0.0 0.0
728425802510829.8 1.1078898025378094e-12 1.1370015504820916e-25 6.447994410874767e-12 4.574908279874906e-14 2.5368313708590424e-18 2.913947891176785e-19 1.8479426951191254e-17 0.0 0.0
1159364995043967.0 9.863635703967416e-13 4.441978345980113e-37 1.1678485193763249e-11 5.3191745533880184e-14 5.432061494672849e-18 7.357957213013361e-19 4.6745229610619364e-17 0.0 0.0
1845249285651601.2 8.781659385816399e-13 1.0295467181872925e-55 2.0540725097067706e-11 6.116663842516216e-14 1.1517330537487579e-17 1.8559836287439675e-18 1.181460294573533e-16 0.0 0.0
2936905065059864.0 7.818335252264842e-13 7.509351774123846e-86 3.414474894577314e-11 6.947625342628174e-14 2.0436781478225745e-17 4.679880858108335e-18 2.9820677157438656e-16 0.0 0.0
4674388131860703.0 6.96062304554064e-13 2.7024404887474044e-134 5.0835486839012346e-11 7.784645360100483e-14 2.6478914588423288e-17 1.1833648154437231e-17 7.510845026531693e-16 0.0 0.0
7439772114947442.0 6.196891491658701e-13 7.091532986621101e-212 6.131050111642631e-11 8.591591713372399e-14 3.4252870933648525e-17 2.953450666157678e-17 1.8853361143235016e-15 0.0 0.0
1.1841166706949652e+16 5.516745880438482e-13 0.0 4.994426069931468e-11 9.327838725957456e-14 4.44626485341637e-17 7.378927835916744e-17 4.707156619826652e-15 0.0 0.0
1.8846441371512816e+16 4.910859998135669e-13 0.0 2.0138386145535928e-11 9.952040936405061e-14 5.708518068751055e-17 1.8382048278641521e-16 1.1653417620683134e-14 0.0 0.0
2.999606045250632e+16 4.370800633112932e-13 0.0 2.4530820978725136e-12 1.0429909251157157e-13 7.365589297162146e-17 4.55669678649812e-16 2.8470833086615746e-14 0.0 0.0
4.7741832260728616e+16 3.8888262785216344e-13 0.0 4.240406491760867e-14 1.0742056536386776e-13 9.570141530140876e-17 1.1180803808220216e-15 6.816019142979103e-14 0.0 0.0
7.598606327722286e+16 3.4576317063094217e-13 0.0 3.22121644325816e-17 1.0886278527667991e-13 1.2269612123444747e-16 2.7050691461703033e-15 1.5841970067929994e-13 0.0 0.0
1.2093967782463053e+17 3.0699975490412763e-13 0.0 1.6627407797982116e-22 1.0878758230765194e-13 1.5869430743310337e-16 6.416133718361065e-15 3.5498885002099554e-13 0.0 0.0
1.9248800426682813e+17 2.7182952849614206e-13 0.0 2.8107684813832013e-31 1.0743411641522974e-13 2.0474463013481478e-16 1.4891223580181417e-14 7.837908630310318e-13 0.0 0.0
3.063645649887825e+17 2.393815786821927e-13 0.0 1.1660816724691407e-45 1.050729150735538e-13 2.6425594550537424e-16 3.339963007231634e-14 1.9774488395473297e-12 0.0 0.0
4.8761088795256506e+17 2.0859961806798453e-13 0.0 5.133230272008021e-69 1.0193692143255876e-13 3.375909642471495e-16 7.304103660649501e-14 3.4646280426189624e-12 0.0 0.0
7.760831545860945e+17 1.7819523695338206e-13 0.0 1.1467995772132507e-106 9.822291228866312e-14 4.3308360201496736e-16 1.597716465047727e-13 4.47944525104318e-12 0.0 0.0
1.235216599369488e+18 1.4674893794568667e-13 0.0 4.53486945343124e-167 9.409962301626029e-14 5.551193151508613e-16 3.3008310521828244e-13 5.685189312990446e-12 0.0 0.0
1.965974958149475e+18 1.1319408123009385e-13 0.0 1.1001246686209893e-263 8.969553214948705e-14 6.909463731180449e-16 4.4033025995410923e-13 7.608899433814773e-12 0.0 0.0
3.1290524577177784e+18 7.793656789047568e-14 0.0 0.0 8.51287918674062e-14 8.502398544834815e-16 5.702777566773355e-13 9.624023906463923e-12 0.0 0.0
4.980210578249438e+18 4.429811739712225e-14 0.0 0.0 8.048118332757437e-14 1.012162319801911e-15 7.365265662893519e-13 1.2438557623161609e-11 0.0 0.0
7.926520165084697e+18 1.8348921843313327e-14 0.0 0.0 7.582947703537236e-14 1.1075208905820416e-15 9.480080902287966e-13 1.6071183947347677e-11 0.0 0.0
1.2615876565922077e+19 4.547235464433345e-15 0.0 0.0 7.122788830659444e-14 1.0529276874523715e-15 1.2244340368346432e-12 2.0689372570318396e-11 0.0 0.0
2.0079472228893254e+19 4.936084979307844e-16 0.0 0.0 6.67202985941329e-14 9.369915170620475e-16 1.5844506689523385e-12 2.678758235870753e-11 0.0 0.0
3.1958556576241398e+19 1.431960681793402e-17 0.0 0.0 6.234242787234104e-14 8.44908208769386e-16 2.0392565717938677e-12 3.390523212791705e-11 0.0 0.0
5.086534779371127e+19 5.0606111631386743e-20 0.0 0.0 5.81143471586906e-14 7.446751065938129e-16 2.625245252343079e-12 4.4561267518976936e-11 0.0 0.0
8.095746126715319e+19 6.223729239620629e-24 0.0 0.0 5.405668464819688e-14 6.605473650052442e-16 3.4008759384699283e-12 5.719040452995724e-11 0.0 0.0
1.2885217184405016e+20 3.5924226821000785e-30 0.0 0.0 5.0175568559856027e-14 5.952126954985015e-16 4.379791283184358e-12 7.291837455793622e-11 0.0 0.0
2.0508155677140668e+20 3.930488487711382e-40 0.0 0.0 4.648214262788696e-14 5.258563165725713e-16 5.614011965838608e-12 9.48142839470536e-11 0.0 0.0
3.264085061653964e+20 4.786015312114837e-56 0.0 0.0 4.297723251567932e-14 4.679118995881381e-16 7.2218805911811555e-12 1.177880982530899e-10 0.0 0.0
5.195128931846588e+20 1.8012440308433978e-81 0.0 0.0 3.965873625504061e-14 4.181283843113497e-16 9.212714348558996e-12 1.4625463426910647e-10 0.0 0.0
8.268584950673156e+20 4.7296771567704334e-122 0.0 0.0 3.652178702899961e-14 3.7272381811213395e-16 1.158455509138029e-11 1.748840756205491e-10 0.0 0.0
1.3160308046906728e+21 9.263394975091894e-187 0.0 0.0 3.355678717798368e-14 3.2910122926018045e-16 1.4369212576283456e-11 1.9482205889988197e-10 0.0 0.0
2.094599123340698e+21 7.202629045756578e-290 0.0 0.0 3.0753862307352055e-14 2.9358281375329607e-16 1.7357777937301783e-11 1.7890581200391822e-10 0.0 0.0
3.3337711183217893e+21 0.0 0.0 0.0 2.8098757093571482e-14 2.642392878777238e-16 1.9543848357068702e-11 1.5464501556153495e-10 0.0 0.0
5.306041497635464e+21 0.0 0.0 0.0 2.5577707852467047e-14 2.3299892766457037e-16 1.944152466215013e-11 1.405823824959695e-10 0.0 0.0
8.445113769178692e+21 0.0 0.0 0.0 2.3174320717172217e-14 2.0728767443192424e-16 1.731689880594921e-11 1.2490586302925646e-10 0.0 0.0
1.3441271917332975e+22 0.0 0.0 0.0 2.087383336327815e-14 1.8590352043339868e-16 1.517423097241173e-11 1.066782289843593e-10 0.0 0.0
2.1393174289143522e+22 0.0 0.0 0.0 1.8663494060332298e-14 1.6388781851302866e-16 1.3368293714434333e-11 9.788175451430961e-11 0.0 0.0
3.4049449261977444e+22 0.0 0.0 0.0 1.653683317656051e-14 1.4586342636213487e-16 1.1782642569328468e-11 8.638385005083922e-11 0.0 0.0
5.419321973328261e+22 0.0 0.0 0.0 1.4496547904141063e-14 1.30211459316892e-16 1.0215258989247758e-11 7.401110620463154e-11 0.0 0.0
8.625411361174284e+22 0.0 0.0 0.0 1.2559747002602651e-14 1.1616236386903595e-16 8.94563700505692e-12 6.664076546218446e-11 0.0 0.0
1.372823418051747e+23 0.0 0.0 0.0 1.075457807833065e-14 1.0240990157592743e-16 7.677766349348627e-12 5.852539245895674e-11 0.0 0.0
2.184990440728019e+23 0.0 0.0 0.0 9.11238205411142e-15 9.128243654019845e-17 6.662396544566575e-12 5.1976133407771984e-11 0.0 0.0
3.47763824778588e+23 0.0 0.0 0.0 7.655729576530673e-15 8.203338785784157e-17 5.6438779646325015e-12 4.429276740844981e-11 0.0 0.0
5.535020912234953e+23 0.0 0.0 0.0 6.382606344326677e-15 7.182220259711612e-17 4.770982926927959e-12 3.830681846879853e-11 0.0 0.0
8.809558187480805e+23 0.0 0.0 0.0 5.278742229547455e-15 6.384015230146049e-17 3.957645323571142e-12 3.2611425771746186e-11 0.0 0.0
1.4021322898177288e+24 0.0 0.0 0.0 4.328669952706956e-15 5.723056854934962e-17 3.2333616619610947e-12 2.786959610684363e-11 0.0 0.0
2.2316385411283426e+24 0.0 0.0 0.0 3.5168854892912707e-15 5.012179977655204e-17 2.589212982038333e-12 2.2253928716385498e-11 0.0 0.0
3.5518835236986696e+24 0.0 0.0 0.0 2.8252104881635617e-15 4.4075257760848663e-17 2.018543761848902e-12 1.8870742071630833e-11 0.0 0.0
5.653189946945145e+24 0.0 0.0 0.0 2.239467712483206e-15 3.9096909228457585e-17 1.5403198738661835e-12 1.5269602238449774e-11 0.0 0.0
8.997636426704137e+24 0.0 0.0 0.0 1.7478696460074482e-15 3.329907225014806e-17 1.1348499400610012e-12 1.19834573011422e-11 0.0 0.0
1.432066886606232e+25 0.0 0.0 0.0 1.337583564254476e-15 2.778320624508595e-17 8.068137600010952e-13 9.168777748401376e-12 0.0 0.0
2.2792825476115477e+25 0.0 0.0 0.0 9.980197012061015e-16 2.152941541374222e-17 5.461635703668753e-13 6.921443736643333e-12 0.0 0.0
3.627713887134285e+25 0.0 0.0 0.0 7.207860678068378e-16 1.2180261663213042e-17 3.577825353986362e-13 5.034631176821957e-12 0.0 0.0
5.773881812370071e+25 0.0 0.0 0.0 4.983597510191846e-16 7.812143068208466e-19 2.1975854387940828e-13 3.4210382931034115e-12 0.0 0.0
9.189730011909323e+25 0.0 0.0 0.0 3.2380273287022604e-16 -1.3619987969527064e-23 1.2863311119689264e-13 2.403514378609625e-12 0.0 0.0
1.4626405672325548e+26 0.0 0.0 0.0 1.9212553699041416e-16 -9.666413118784082e-24 7.086347147654579e-14 1.4770835957846875e-12 0.9816875923668247 0.0
2.3279437221136298e+26 0.0 0.0 0.0 9.903362228106216e-17 -5.870292899507969e-24 3.683874544911898e-14 8.615518211127038e-13 3.1563554105474108 0.0
3.705163178662644e+26 0.0 0.0 0.0 3.9816180840937444e-17 0.0 1.7438529560384458e-14 5.135165283855215e-13 3.5791403809260967 0.0
5.897150369276572e+26 0.0 0.0 0.0 8.933655536262851e-18 0.0 7.643864686288376e-15 2.23247412132307e-13 3.179755276301892 182.07527871199994
9.385924668076597e+26 0.0 0.0 0.0 1.2883056582919199e-22 0.0 0.0 0.0 2.544961020671562 408.34074205395535
1.493866975713816e+27 0.0 0.0 0.0 0.0 0.0 0.0 0.0 2.029959906710531 579.5676009716783
2.3776437804989094e+27 0.0 0.0 0.0 0.0 0.0 0.0 0.0 1.5849012794618973 566.4117043757813
3.7842659613275647e+27 0.0 0.0 0.0 0.0 0.0 0.0 0.0 1.186981549117196 455.68593772722926
6.023050628323039e+27 0.0 0.0 0.0 0.0 0.0 0.0 0.0 0.8629381028305748 354.93558331122017
9.586307950357803e+27 0.0 0.0 0.0 0.0 0.0 0.0 0.0 0.6157392450226513 283.91323803275174
1.5257600473579223e+28 0.0 0.0 0.0 0.0 0.0 0.0 0.0 0.4384974172099002 211.37687183289358
2.4284049022509857e+28 0.0 0.0 0.0 0.0 0.0 0.0 0.0 0.3083517203788032 152.189739677199
3.8650575360708617e+28 0.0 0.0 0.0 0.0 0.0 0.0 0.0 0.21425995120969593 107.57479273022155
6.151638774609222e+28 0.0 0.0 0.0 0.0 0.0 0.0 0.0 0.14749763897869794 76.93042494331478
9.790969283149591e+28 0.0 0.0 0.0 0.0 0.0 0.0 0.0 0.10097212323156998 53.98843476146113
1.5583340149823355e+29 0.0 0.0 0.0 0.0 0.0 0.0 0.0 0.06879997324257554 37.39637506202347
2.48024974037076e+29 0.0 0.0 0.0 0.0 0.0 0.0 0.0 0.046600582479821816 25.67073414840272
3.947573957486228e+29 0.0 0.0 0.0 0.0 0.0 0.0 0.0 0.03140138815996184 17.552529552520774
6.282972192749432e+29 0.0 0.0 0.0 0.0 0.0 0.0 0.0 0.02106744581722049 11.952098209760546
1e+30 0.0 0.0 0.0 0.0 0.0 0.0 0.0 0.014089206959087303 8.084426916478982
